352 176 

-0.181822 0.0 -0.272116
-0.197525 0.0 -0.295617
-0.251402 0.0 -0.251401
-0.231416 0.0 -0.231416
-0.272116 0.0 -0.181822
-0.295617 0.0 -0.197525
-0.328472 0.0 -0.136057
-0.302359 0.0 -0.125241
-0.320983 0.0 -0.063847
-0.348704 0.0 -0.069361
-0.355535 0.0 0.0
-0.327271 0.0 0.0
-0.320983 0.0 0.063848
-0.348704 0.0 0.069362
-0.328472 0.0 0.136058
-0.302359 0.0 0.125241
-0.272116 0.0 0.181822
-0.295617 0.0 0.197525
-0.251401 0.0 0.251402
-0.231416 0.0 0.231416
-0.181822 0.0 0.272116
-0.197525 0.0 0.295617
-0.136058 0.0 0.328472
-0.125241 0.0 0.302359
-0.063847 0.0 0.320983
-0.069362 0.0 0.348704
-0.0 0.0 0.355535
0.0 0.0 0.327271
0.063847 0.0 0.320983
0.069362 0.0 0.348704
0.136058 0.0 0.328472
0.125241 0.0 0.302359
0.181822 0.0 0.272116
0.197525 0.0 0.295617
0.251401 0.0 0.251401
0.231416 0.0 0.231416
0.272116 0.0 0.181822
0.295617 0.0 0.197525
0.328472 0.0 0.136057
0.302359 0.0 0.125241
0.320983 0.0 0.063847
0.348704 0.0 0.069361
0.355535 0.0 -0.0
0.327271 0.0 -0.0
0.320983 0.0 -0.063848
0.348704 0.0 -0.069362
0.328472 0.0 -0.136058
0.302359 0.0 -0.125241
0.272116 0.0 -0.181822
0.295617 0.0 -0.197525
0.251401 0.0 -0.251402
0.231416 0.0 -0.231416
0.181822 0.0 -0.272116
0.197525 0.0 -0.295617
0.136057 0.0 -0.328472
0.125241 0.0 -0.302359
0.063847 0.0 -0.320983
0.069361 0.0 -0.348704
-0.0 0.0 -0.355535
-0.0 0.0 -0.327271
-0.063848 0.0 -0.320983
-0.069362 0.0 -0.348704
-0.136058 0.0 -0.328472
-0.125241 0.0 -0.302359
-0.058334 0.0 -0.293262
-0.063848 0.0 -0.320983
-0.125241 0.0 -0.302359
-0.114425 0.0 -0.276247
-0.0 0.0 -0.299007
-0.0 0.0 -0.327271
-0.063848 0.0 -0.320983
-0.058334 0.0 -0.293262
-0.0 0.0 -0.327271
-0.0 0.0 -0.355535
-0.069362 0.0 -0.348704
-0.063848 0.0 -0.320983
0.058333 0.0 -0.293262
0.063847 0.0 -0.320983
-0.0 0.0 -0.327271
-0.0 0.0 -0.299007
0.114425 0.0 -0.276247
0.125241 0.0 -0.302359
0.063847 0.0 -0.320983
0.058333 0.0 -0.293262
0.125241 0.0 -0.302359
0.136057 0.0 -0.328472
0.069361 0.0 -0.348704
0.063847 0.0 -0.320983
0.166119 0.0 -0.248615
0.181822 0.0 -0.272116
0.125241 0.0 -0.302359
0.114425 0.0 -0.276247
0.21143 0.0 -0.21143
0.231416 0.0 -0.231416
0.181822 0.0 -0.272116
0.166119 0.0 -0.248615
0.231416 0.0 -0.231416
0.251401 0.0 -0.251402
0.197525 0.0 -0.295617
0.181822 0.0 -0.272116
0.248615 0.0 -0.16612
0.272116 0.0 -0.181822
0.231416 0.0 -0.231416
0.21143 0.0 -0.21143
0.276246 0.0 -0.114425
0.302359 0.0 -0.125241
0.272116 0.0 -0.181822
0.248615 0.0 -0.16612
0.302359 0.0 -0.125241
0.328472 0.0 -0.136058
0.295617 0.0 -0.197525
0.272116 0.0 -0.181822
0.293262 0.0 -0.058333
0.320983 0.0 -0.063848
0.302359 0.0 -0.125241
0.276246 0.0 -0.114425
0.299007 0.0 -0.0
0.327271 0.0 -0.0
0.320983 0.0 -0.063848
0.293262 0.0 -0.058333
0.327271 0.0 -0.0
0.355535 0.0 -0.0
0.348704 0.0 -0.069362
0.320983 0.0 -0.063848
0.293262 0.0 0.058333
0.320983 0.0 0.063847
0.327271 0.0 -0.0
0.299007 0.0 -0.0
0.276247 0.0 0.114425
0.302359 0.0 0.125241
0.320983 0.0 0.063847
0.293262 0.0 0.058333
0.302359 0.0 0.125241
0.328472 0.0 0.136057
0.348704 0.0 0.069361
0.320983 0.0 0.063847
0.248615 0.0 0.166119
0.272116 0.0 0.181822
0.302359 0.0 0.125241
0.276247 0.0 0.114425
0.21143 0.0 0.21143
0.231416 0.0 0.231416
0.272116 0.0 0.181822
0.248615 0.0 0.166119
0.231416 0.0 0.231416
0.251401 0.0 0.251401
0.295617 0.0 0.197525
0.272116 0.0 0.181822
0.166119 0.0 0.248615
0.181822 0.0 0.272116
0.231416 0.0 0.231416
0.21143 0.0 0.21143
0.114425 0.0 0.276247
0.125241 0.0 0.302359
0.181822 0.0 0.272116
0.166119 0.0 0.248615
0.125241 0.0 0.302359
0.136058 0.0 0.328472
0.197525 0.0 0.295617
0.181822 0.0 0.272116
0.058333 0.0 0.293262
0.063847 0.0 0.320983
0.125241 0.0 0.302359
0.114425 0.0 0.276247
0.0 0.0 0.299007
0.0 0.0 0.327271
0.063847 0.0 0.320983
0.058333 0.0 0.293262
0.0 0.0 0.327271
-0.0 0.0 0.355535
0.069362 0.0 0.348704
0.063847 0.0 0.320983
-0.058333 0.0 0.293262
-0.063847 0.0 0.320983
0.0 0.0 0.327271
0.0 0.0 0.299007
-0.114425 0.0 0.276247
-0.125241 0.0 0.302359
-0.063847 0.0 0.320983
-0.058333 0.0 0.293262
-0.125241 0.0 0.302359
-0.136058 0.0 0.328472
-0.069362 0.0 0.348704
-0.063847 0.0 0.320983
-0.166119 0.0 0.248615
-0.181822 0.0 0.272116
-0.125241 0.0 0.302359
-0.114425 0.0 0.276247
-0.21143 0.0 0.21143
-0.231416 0.0 0.231416
-0.181822 0.0 0.272116
-0.166119 0.0 0.248615
-0.231416 0.0 0.231416
-0.251401 0.0 0.251402
-0.197525 0.0 0.295617
-0.181822 0.0 0.272116
-0.248615 0.0 0.16612
-0.272116 0.0 0.181822
-0.231416 0.0 0.231416
-0.21143 0.0 0.21143
-0.276247 0.0 0.114425
-0.302359 0.0 0.125241
-0.272116 0.0 0.181822
-0.248615 0.0 0.16612
-0.302359 0.0 0.125241
-0.328472 0.0 0.136058
-0.295617 0.0 0.197525
-0.272116 0.0 0.181822
-0.293262 0.0 0.058333
-0.320983 0.0 0.063848
-0.302359 0.0 0.125241
-0.276247 0.0 0.114425
-0.299007 0.0 0.0
-0.327271 0.0 0.0
-0.320983 0.0 0.063848
-0.293262 0.0 0.058333
-0.327271 0.0 0.0
-0.355535 0.0 0.0
-0.348704 0.0 0.069362
-0.320983 0.0 0.063848
-0.293262 0.0 -0.058333
-0.320983 0.0 -0.063847
-0.327271 0.0 0.0
-0.299007 0.0 0.0
-0.276247 0.0 -0.114425
-0.302359 0.0 -0.125241
-0.320983 0.0 -0.063847
-0.293262 0.0 -0.058333
-0.302359 0.0 -0.125241
-0.328472 0.0 -0.136057
-0.348704 0.0 -0.069361
-0.320983 0.0 -0.063847
-0.248615 0.0 -0.166119
-0.272116 0.0 -0.181822
-0.302359 0.0 -0.125241
-0.276247 0.0 -0.114425
-0.21143 0.0 -0.21143
-0.231416 0.0 -0.231416
-0.272116 0.0 -0.181822
-0.248615 0.0 -0.166119
-0.231416 0.0 -0.231416
-0.251402 0.0 -0.251401
-0.295617 0.0 -0.197525
-0.272116 0.0 -0.181822
-0.16612 0.0 -0.248615
-0.181822 0.0 -0.272116
-0.231416 0.0 -0.231416
-0.21143 0.0 -0.21143
-0.114425 0.0 -0.276247
-0.125241 0.0 -0.302359
-0.181822 0.0 -0.272116
-0.16612 0.0 -0.248615
-0.125241 0.0 -0.302359
-0.136058 0.0 -0.328472
-0.197525 0.0 -0.295617
-0.181822 0.0 -0.272116
-0.042424 -0.07279 0.0
-0.042424 0.042424 0.0
-0.042424 0.042424 -0.042424
-0.042424 -0.042424 -0.042424
-0.042424 0.042424 -0.042424
0.042424 0.042424 -0.042424
0.042424 0.134004 -0.156899
-0.042424 0.134004 -0.156899
0.042424 0.042424 -0.042424
0.042424 -0.042424 -0.042424
0.042424 0.049157 -0.156899
0.042424 0.134004 -0.156899
0.042424 0.042424 -0.042424
-0.042424 0.042424 -0.042424
-0.042424 0.310438 -0.042424
0.042424 0.310438 -0.042424
-0.042424 -0.042424 -0.042424
0.042424 -0.042424 -0.042424
0.042424 -0.07279 0.0
-0.042424 -0.07279 0.0
0.042424 -0.042424 -0.042424
0.042424 0.042424 -0.042424
0.042424 0.042424 0.0
0.042424 -0.07279 0.0
-0.042424 0.049157 -0.156899
-0.042424 0.134004 -0.156899
0.042424 0.134004 -0.156899
0.042424 0.049157 -0.156899
0.042424 0.310438 -0.042424
-0.042424 0.310438 -0.042424
-0.042424 0.310438 0.0
0.042424 0.310438 0.0
-0.042424 -0.042424 -0.042424
-0.042424 0.042424 -0.042424
-0.042424 0.134004 -0.156899
-0.042424 0.049157 -0.156899
0.042424 0.042424 0.0
0.042424 0.042424 -0.042424
0.042424 0.310438 -0.042424
0.042424 0.310438 0.0
0.042424 -0.042424 -0.042424
-0.042424 -0.042424 -0.042424
-0.042424 0.049157 -0.156899
0.042424 0.049157 -0.156899
-0.042424 0.042424 -0.042424
-0.042424 0.042424 0.0
-0.042424 0.310438 0.0
-0.042424 0.310438 -0.042424
-0.042424 -0.07279 0.0
-0.042424 -0.042424 0.042424
-0.042424 0.042424 0.042424
-0.042424 0.042424 0.0
-0.042424 0.042424 0.042424
-0.042424 0.134004 0.156899
0.042424 0.134004 0.156899
0.042424 0.042424 0.042424
0.042424 0.042424 0.042424
0.042424 0.134004 0.156899
0.042424 0.049157 0.156899
0.042424 -0.042424 0.042424
0.042424 0.042424 0.042424
0.042424 0.310438 0.042424
-0.042424 0.310438 0.042424
-0.042424 0.042424 0.042424
-0.042424 -0.042424 0.042424
-0.042424 -0.07279 0.0
0.042424 -0.07279 0.0
0.042424 -0.042424 0.042424
0.042424 -0.042424 0.042424
0.042424 -0.07279 0.0
0.042424 0.042424 0.0
0.042424 0.042424 0.042424
-0.042424 0.049157 0.156899
0.042424 0.049157 0.156899
0.042424 0.134004 0.156899
-0.042424 0.134004 0.156899
0.042424 0.310438 0.042424
0.042424 0.310438 0.0
-0.042424 0.310438 0.0
-0.042424 0.310438 0.042424
-0.042424 -0.042424 0.042424
-0.042424 0.049157 0.156899
-0.042424 0.134004 0.156899
-0.042424 0.042424 0.042424
0.042424 0.042424 0.0
0.042424 0.310438 0.0
0.042424 0.310438 0.042424
0.042424 0.042424 0.042424
0.042424 -0.042424 0.042424
0.042424 0.049157 0.156899
-0.042424 0.049157 0.156899
-0.042424 -0.042424 0.042424
-0.042424 0.042424 0.042424
-0.042424 0.310438 0.042424
-0.042424 0.310438 0.0
-0.042424 0.042424 0.0

no_normals
0.0 0.0
0.0 0.0
0.0 0.0
0.0 0.0
0.0 0.0
0.0 0.0
0.0 0.0
0.0 0.0
0.0 0.0
0.0 0.0
0.0 0.0
0.0 0.0
0.0 0.0
0.0 0.0
0.0 0.0
0.0 0.0
0.0 0.0
0.0 0.0
0.0 0.0
0.0 0.0
0.0 0.0
0.0 0.0
0.0 0.0
0.0 0.0
0.0 0.0
0.0 0.0
0.0 0.0
0.0 0.0
0.0 0.0
0.0 0.0
0.0 0.0
0.0 0.0
0.0 0.0
0.0 0.0
0.0 0.0
0.0 0.0
0.0 0.0
0.0 0.0
0.0 0.0
0.0 0.0
0.0 0.0
0.0 0.0
0.0 0.0
0.0 0.0
0.0 0.0
0.0 0.0
0.0 0.0
0.0 0.0
0.0 0.0
0.0 0.0
0.0 0.0
0.0 0.0
0.0 0.0
0.0 0.0
0.0 0.0
0.0 0.0
0.0 0.0
0.0 0.0
0.0 0.0
0.0 0.0
0.0 0.0
0.0 0.0
0.0 0.0
0.0 0.0
0.0 0.0
0.0 0.0
0.0 0.0
0.0 0.0
0.0 0.0
0.0 0.0
0.0 0.0
0.0 0.0
0.0 0.0
0.0 0.0
0.0 0.0
0.0 0.0
0.0 0.0
0.0 0.0
0.0 0.0
0.0 0.0
0.0 0.0
0.0 0.0
0.0 0.0
0.0 0.0
0.0 0.0
0.0 0.0
0.0 0.0
0.0 0.0
0.0 0.0
0.0 0.0
0.0 0.0
0.0 0.0
0.0 0.0
0.0 0.0
0.0 0.0
0.0 0.0
0.0 0.0
0.0 0.0
0.0 0.0
0.0 0.0
0.0 0.0
0.0 0.0
0.0 0.0
0.0 0.0
0.0 0.0
0.0 0.0
0.0 0.0
0.0 0.0
0.0 0.0
0.0 0.0
0.0 0.0
0.0 0.0
0.0 0.0
0.0 0.0
0.0 0.0
0.0 0.0
0.0 0.0
0.0 0.0
0.0 0.0
0.0 0.0
0.0 0.0
0.0 0.0
0.0 0.0
0.0 0.0
0.0 0.0
0.0 0.0
0.0 0.0
0.0 0.0
0.0 0.0
0.0 0.0
0.0 0.0
0.0 0.0
0.0 0.0
0.0 0.0
0.0 0.0
0.0 0.0
0.0 0.0
0.0 0.0
0.0 0.0
0.0 0.0
0.0 0.0
0.0 0.0
0.0 0.0
0.0 0.0
0.0 0.0
0.0 0.0
0.0 0.0
0.0 0.0
0.0 0.0
0.0 0.0
0.0 0.0
0.0 0.0
0.0 0.0
0.0 0.0
0.0 0.0
0.0 0.0
0.0 0.0
0.0 0.0
0.0 0.0
0.0 0.0
0.0 0.0
0.0 0.0
0.0 0.0
0.0 0.0
0.0 0.0
0.0 0.0
0.0 0.0
0.0 0.0
0.0 0.0
0.0 0.0
0.0 0.0
0.0 0.0
0.0 0.0
0.0 0.0
0.0 0.0
0.0 0.0
0.0 0.0
0.0 0.0
0.0 0.0
0.0 0.0
0.0 0.0
0.0 0.0
0.0 0.0
0.0 0.0
0.0 0.0
0.0 0.0
0.0 0.0
0.0 0.0
0.0 0.0
0.0 0.0
0.0 0.0
0.0 0.0
0.0 0.0
0.0 0.0
0.0 0.0
0.0 0.0
0.0 0.0
0.0 0.0
0.0 0.0
0.0 0.0
0.0 0.0
0.0 0.0
0.0 0.0
0.0 0.0
0.0 0.0
0.0 0.0
0.0 0.0
0.0 0.0
0.0 0.0
0.0 0.0
0.0 0.0
0.0 0.0
0.0 0.0
0.0 0.0
0.0 0.0
0.0 0.0
0.0 0.0
0.0 0.0
0.0 0.0
0.0 0.0
0.0 0.0
0.0 0.0
0.0 0.0
0.0 0.0
0.0 0.0
0.0 0.0
0.0 0.0
0.0 0.0
0.0 0.0
0.0 0.0
0.0 0.0
0.0 0.0
0.0 0.0
0.0 0.0
0.0 0.0
0.0 0.0
0.0 0.0
0.0 0.0
0.0 0.0
0.0 0.0
0.0 0.0
0.0 0.0
0.0 0.0
0.0 0.0
0.0 0.0
0.0 0.0
0.0 0.0
0.0 0.0
0.0 0.0
0.0 0.0
0.0 0.0
0.0 0.0
0.0 0.0
0.0 0.0
0.0 0.0
0.0 0.0
0.375 0.125
0.625 0.125
0.625 0.25
0.375 0.25
0.625 0.25
0.625 0.5
0.625 0.5
0.625 0.25
0.625 0.5
0.375 0.5
0.375 0.5
0.625 0.5
0.625 0.5
0.625 0.25
0.625 0.25
0.625 0.5
0.125 0.5
0.375 0.5
0.375 0.625
0.125 0.625
0.375 0.5
0.625 0.5
0.625 0.625
0.375 0.625
0.375 0.25
0.625 0.25
0.625 0.5
0.375 0.5
0.625 0.5
0.875 0.5
0.875 0.625
0.625 0.625
0.375 0.25
0.625 0.25
0.625 0.25
0.375 0.25
0.625 0.625
0.625 0.5
0.625 0.5
0.625 0.625
0.375 0.5
0.125 0.5
0.125 0.5
0.375 0.5
0.625 0.25
0.625 0.125
0.625 0.125
0.625 0.25
0.375 0.125
0.375 0.25
0.625 0.25
0.625 0.125
0.625 0.25
0.625 0.25
0.625 0.5
0.625 0.5
0.625 0.5
0.625 0.5
0.375 0.5
0.375 0.5
0.625 0.5
0.625 0.5
0.625 0.25
0.625 0.25
0.125 0.5
0.125 0.625
0.375 0.625
0.375 0.5
0.375 0.5
0.375 0.625
0.625 0.625
0.625 0.5
0.375 0.25
0.375 0.5
0.625 0.5
0.625 0.25
0.625 0.5
0.625 0.625
0.875 0.625
0.875 0.5
0.375 0.25
0.375 0.25
0.625 0.25
0.625 0.25
0.625 0.625
0.625 0.625
0.625 0.5
0.625 0.5
0.375 0.5
0.375 0.5
0.125 0.5
0.125 0.5
0.625 0.25
0.625 0.25
0.625 0.125
0.625 0.125

0.145396 0.983447 1.0 1.0
0.145396 0.983447 1.0 1.0
0.145396 0.983447 1.0 1.0
0.145396 0.983447 1.0 1.0
0.145396 0.983447 1.0 1.0
0.145396 0.983447 1.0 1.0
0.145396 0.983447 1.0 1.0
0.145396 0.983447 1.0 1.0
0.145396 0.983447 1.0 1.0
0.145396 0.983447 1.0 1.0
0.145396 0.983447 1.0 1.0
0.145396 0.983447 1.0 1.0
0.145396 0.983447 1.0 1.0
0.145396 0.983447 1.0 1.0
0.145396 0.983447 1.0 1.0
0.145396 0.983447 1.0 1.0
0.145396 0.983447 1.0 1.0
0.145396 0.983447 1.0 1.0
0.145396 0.983447 1.0 1.0
0.145396 0.983447 1.0 1.0
0.145396 0.983447 1.0 1.0
0.145396 0.983447 1.0 1.0
0.145396 0.983447 1.0 1.0
0.145396 0.983447 1.0 1.0
0.145396 0.983447 1.0 1.0
0.145396 0.983447 1.0 1.0
0.145396 0.983447 1.0 1.0
0.145396 0.983447 1.0 1.0
0.145396 0.983447 1.0 1.0
0.145396 0.983447 1.0 1.0
0.145396 0.983447 1.0 1.0
0.145396 0.983447 1.0 1.0
0.145396 0.983447 1.0 1.0
0.145396 0.983447 1.0 1.0
0.145396 0.983447 1.0 1.0
0.145396 0.983447 1.0 1.0
0.145396 0.983447 1.0 1.0
0.145396 0.983447 1.0 1.0
0.145396 0.983447 1.0 1.0
0.145396 0.983447 1.0 1.0
0.145396 0.983447 1.0 1.0
0.145396 0.983447 1.0 1.0
0.145396 0.983447 1.0 1.0
0.145396 0.983447 1.0 1.0
0.145396 0.983447 1.0 1.0
0.145396 0.983447 1.0 1.0
0.145396 0.983447 1.0 1.0
0.145396 0.983447 1.0 1.0
0.145396 0.983447 1.0 1.0
0.145396 0.983447 1.0 1.0
0.145396 0.983447 1.0 1.0
0.145396 0.983447 1.0 1.0
0.145396 0.983447 1.0 1.0
0.145396 0.983447 1.0 1.0
0.145396 0.983447 1.0 1.0
0.145396 0.983447 1.0 1.0
0.145396 0.983447 1.0 1.0
0.145396 0.983447 1.0 1.0
0.145396 0.983447 1.0 1.0
0.145396 0.983447 1.0 1.0
0.145396 0.983447 1.0 1.0
0.145396 0.983447 1.0 1.0
0.145396 0.983447 1.0 1.0
0.145396 0.983447 1.0 1.0
0.145396 0.983447 1.0 1.0
0.145396 0.983447 1.0 1.0
0.145396 0.983447 1.0 1.0
0.145396 0.983447 1.0 1.0
0.145396 0.983447 1.0 1.0
0.145396 0.983447 1.0 1.0
0.145396 0.983447 1.0 1.0
0.145396 0.983447 1.0 1.0
0.145396 0.983447 1.0 1.0
0.145396 0.983447 1.0 1.0
0.145396 0.983447 1.0 1.0
0.145396 0.983447 1.0 1.0
0.145396 0.983447 1.0 1.0
0.145396 0.983447 1.0 1.0
0.145396 0.983447 1.0 1.0
0.145396 0.983447 1.0 1.0
0.145396 0.983447 1.0 1.0
0.145396 0.983447 1.0 1.0
0.145396 0.983447 1.0 1.0
0.145396 0.983447 1.0 1.0
0.145396 0.983447 1.0 1.0
0.145396 0.983447 1.0 1.0
0.145396 0.983447 1.0 1.0
0.145396 0.983447 1.0 1.0
0.145396 0.983447 1.0 1.0
0.145396 0.983447 1.0 1.0
0.145396 0.983447 1.0 1.0
0.145396 0.983447 1.0 1.0
0.145396 0.983447 1.0 1.0
0.145396 0.983447 1.0 1.0
0.145396 0.983447 1.0 1.0
0.145396 0.983447 1.0 1.0
0.145396 0.983447 1.0 1.0
0.145396 0.983447 1.0 1.0
0.145396 0.983447 1.0 1.0
0.145396 0.983447 1.0 1.0
0.145396 0.983447 1.0 1.0
0.145396 0.983447 1.0 1.0
0.145396 0.983447 1.0 1.0
0.145396 0.983447 1.0 1.0
0.145396 0.983447 1.0 1.0
0.145396 0.983447 1.0 1.0
0.145396 0.983447 1.0 1.0
0.145396 0.983447 1.0 1.0
0.145396 0.983447 1.0 1.0
0.145396 0.983447 1.0 1.0
0.145396 0.983447 1.0 1.0
0.145396 0.983447 1.0 1.0
0.145396 0.983447 1.0 1.0
0.145396 0.983447 1.0 1.0
0.145396 0.983447 1.0 1.0
0.145396 0.983447 1.0 1.0
0.145396 0.983447 1.0 1.0
0.145396 0.983447 1.0 1.0
0.145396 0.983447 1.0 1.0
0.145396 0.983447 1.0 1.0
0.145396 0.983447 1.0 1.0
0.145396 0.983447 1.0 1.0
0.145396 0.983447 1.0 1.0
0.145396 0.983447 1.0 1.0
0.145396 0.983447 1.0 1.0
0.145396 0.983447 1.0 1.0
0.145396 0.983447 1.0 1.0
0.145396 0.983447 1.0 1.0
0.145396 0.983447 1.0 1.0
0.145396 0.983447 1.0 1.0
0.145396 0.983447 1.0 1.0
0.145396 0.983447 1.0 1.0
0.145396 0.983447 1.0 1.0
0.145396 0.983447 1.0 1.0
0.145396 0.983447 1.0 1.0
0.145396 0.983447 1.0 1.0
0.145396 0.983447 1.0 1.0
0.145396 0.983447 1.0 1.0
0.145396 0.983447 1.0 1.0
0.145396 0.983447 1.0 1.0
0.145396 0.983447 1.0 1.0
0.145396 0.983447 1.0 1.0
0.145396 0.983447 1.0 1.0
0.145396 0.983447 1.0 1.0
0.145396 0.983447 1.0 1.0
0.145396 0.983447 1.0 1.0
0.145396 0.983447 1.0 1.0
0.145396 0.983447 1.0 1.0
0.145396 0.983447 1.0 1.0
0.145396 0.983447 1.0 1.0
0.145396 0.983447 1.0 1.0
0.145396 0.983447 1.0 1.0
0.145396 0.983447 1.0 1.0
0.145396 0.983447 1.0 1.0
0.145396 0.983447 1.0 1.0
0.145396 0.983447 1.0 1.0
0.145396 0.983447 1.0 1.0
0.145396 0.983447 1.0 1.0
0.145396 0.983447 1.0 1.0
0.145396 0.983447 1.0 1.0
0.145396 0.983447 1.0 1.0
0.145396 0.983447 1.0 1.0
0.145396 0.983447 1.0 1.0
0.145396 0.983447 1.0 1.0
0.145396 0.983447 1.0 1.0
0.145396 0.983447 1.0 1.0
0.145396 0.983447 1.0 1.0
0.145396 0.983447 1.0 1.0
0.145396 0.983447 1.0 1.0
0.145396 0.983447 1.0 1.0
0.145396 0.983447 1.0 1.0
0.145396 0.983447 1.0 1.0
0.145396 0.983447 1.0 1.0
0.145396 0.983447 1.0 1.0
0.145396 0.983447 1.0 1.0
0.145396 0.983447 1.0 1.0
0.145396 0.983447 1.0 1.0
0.145396 0.983447 1.0 1.0
0.145396 0.983447 1.0 1.0
0.145396 0.983447 1.0 1.0
0.145396 0.983447 1.0 1.0
0.145396 0.983447 1.0 1.0
0.145396 0.983447 1.0 1.0
0.145396 0.983447 1.0 1.0
0.145396 0.983447 1.0 1.0
0.145396 0.983447 1.0 1.0
0.145396 0.983447 1.0 1.0
0.145396 0.983447 1.0 1.0
0.145396 0.983447 1.0 1.0
0.145396 0.983447 1.0 1.0
0.145396 0.983447 1.0 1.0
0.145396 0.983447 1.0 1.0
0.145396 0.983447 1.0 1.0
0.145396 0.983447 1.0 1.0
0.145396 0.983447 1.0 1.0
0.145396 0.983447 1.0 1.0
0.145396 0.983447 1.0 1.0
0.145396 0.983447 1.0 1.0
0.145396 0.983447 1.0 1.0
0.145396 0.983447 1.0 1.0
0.145396 0.983447 1.0 1.0
0.145396 0.983447 1.0 1.0
0.145396 0.983447 1.0 1.0
0.145396 0.983447 1.0 1.0
0.145396 0.983447 1.0 1.0
0.145396 0.983447 1.0 1.0
0.145396 0.983447 1.0 1.0
0.145396 0.983447 1.0 1.0
0.145396 0.983447 1.0 1.0
0.145396 0.983447 1.0 1.0
0.145396 0.983447 1.0 1.0
0.145396 0.983447 1.0 1.0
0.145396 0.983447 1.0 1.0
0.145396 0.983447 1.0 1.0
0.145396 0.983447 1.0 1.0
0.145396 0.983447 1.0 1.0
0.145396 0.983447 1.0 1.0
0.145396 0.983447 1.0 1.0
0.145396 0.983447 1.0 1.0
0.145396 0.983447 1.0 1.0
0.145396 0.983447 1.0 1.0
0.145396 0.983447 1.0 1.0
0.145396 0.983447 1.0 1.0
0.145396 0.983447 1.0 1.0
0.145396 0.983447 1.0 1.0
0.145396 0.983447 1.0 1.0
0.145396 0.983447 1.0 1.0
0.145396 0.983447 1.0 1.0
0.145396 0.983447 1.0 1.0
0.145396 0.983447 1.0 1.0
0.145396 0.983447 1.0 1.0
0.145396 0.983447 1.0 1.0
0.145396 0.983447 1.0 1.0
0.145396 0.983447 1.0 1.0
0.145396 0.983447 1.0 1.0
0.145396 0.983447 1.0 1.0
0.145396 0.983447 1.0 1.0
0.145396 0.983447 1.0 1.0
0.145396 0.983447 1.0 1.0
0.145396 0.983447 1.0 1.0
0.145396 0.983447 1.0 1.0
0.145396 0.983447 1.0 1.0
0.145396 0.983447 1.0 1.0
0.145396 0.983447 1.0 1.0
0.145396 0.983447 1.0 1.0
0.145396 0.983447 1.0 1.0
0.145396 0.983447 1.0 1.0
0.145396 0.983447 1.0 1.0
0.145396 0.983447 1.0 1.0
0.145396 0.983447 1.0 1.0
0.145396 0.983447 1.0 1.0
0.145396 0.983447 1.0 1.0
0.145396 0.983447 1.0 1.0
0.145396 0.983447 1.0 1.0
0.145396 0.983447 1.0 1.0
0.145396 0.983447 1.0 1.0
0.145396 0.983447 1.0 1.0
0.145396 0.983447 1.0 1.0
0.145396 0.983447 1.0 1.0
0.145396 0.983447 1.0 1.0
0.145396 0.983447 1.0 1.0
0.145396 0.983447 1.0 1.0
0.145396 0.983447 1.0 1.0
0.145396 0.983447 1.0 1.0
0.145396 0.983447 1.0 1.0
0.145396 0.983447 1.0 1.0
0.145396 0.983447 1.0 1.0
0.145396 0.983447 1.0 1.0
0.145396 0.983447 1.0 1.0
0.145396 0.983447 1.0 1.0
0.145396 0.983447 1.0 1.0
0.145396 0.983447 1.0 1.0
0.145396 0.983447 1.0 1.0
0.145396 0.983447 1.0 1.0
0.145396 0.983447 1.0 1.0
0.145396 0.983447 1.0 1.0
0.145396 0.983447 1.0 1.0
0.145396 0.983447 1.0 1.0
0.145396 0.983447 1.0 1.0
0.145396 0.983447 1.0 1.0
0.145396 0.983447 1.0 1.0
0.145396 0.983447 1.0 1.0
0.145396 0.983447 1.0 1.0
0.145396 0.983447 1.0 1.0
0.145396 0.983447 1.0 1.0
0.145396 0.983447 1.0 1.0
0.145396 0.983447 1.0 1.0
0.145396 0.983447 1.0 1.0
0.145396 0.983447 1.0 1.0
0.145396 0.983447 1.0 1.0
0.145396 0.983447 1.0 1.0
0.145396 0.983447 1.0 1.0
0.145396 0.983447 1.0 1.0
0.145396 0.983447 1.0 1.0
0.145396 0.983447 1.0 1.0
0.145396 0.983447 1.0 1.0
0.145396 0.983447 1.0 1.0
0.145396 0.983447 1.0 1.0
0.145396 0.983447 1.0 1.0
0.145396 0.983447 1.0 1.0
0.145396 0.983447 1.0 1.0
0.145396 0.983447 1.0 1.0
0.145396 0.983447 1.0 1.0
0.145396 0.983447 1.0 1.0
0.145396 0.983447 1.0 1.0
0.145396 0.983447 1.0 1.0
0.145396 0.983447 1.0 1.0
0.145396 0.983447 1.0 1.0
0.145396 0.983447 1.0 1.0
0.145396 0.983447 1.0 1.0
0.145396 0.983447 1.0 1.0
0.145396 0.983447 1.0 1.0
0.145396 0.983447 1.0 1.0
0.145396 0.983447 1.0 1.0
0.145396 0.983447 1.0 1.0
0.145396 0.983447 1.0 1.0
0.145396 0.983447 1.0 1.0
0.145396 0.983447 1.0 1.0
0.145396 0.983447 1.0 1.0
0.145396 0.983447 1.0 1.0
0.145396 0.983447 1.0 1.0
0.145396 0.983447 1.0 1.0
0.145396 0.983447 1.0 1.0
0.145396 0.983447 1.0 1.0
0.145396 0.983447 1.0 1.0
0.145396 0.983447 1.0 1.0
0.145396 0.983447 1.0 1.0
0.145396 0.983447 1.0 1.0
0.145396 0.983447 1.0 1.0
0.145396 0.983447 1.0 1.0
0.145396 0.983447 1.0 1.0
0.145396 0.983447 1.0 1.0
0.145396 0.983447 1.0 1.0
0.145396 0.983447 1.0 1.0
0.145396 0.983447 1.0 1.0
0.145396 0.983447 1.0 1.0
0.145396 0.983447 1.0 1.0
0.145396 0.983447 1.0 1.0
0.145396 0.983447 1.0 1.0
0.145396 0.983447 1.0 1.0
0.145396 0.983447 1.0 1.0
0.145396 0.983447 1.0 1.0
0.145396 0.983447 1.0 1.0
0.145396 0.983447 1.0 1.0
0.145396 0.983447 1.0 1.0
0.145396 0.983447 1.0 1.0
0.145396 0.983447 1.0 1.0
0.145396 0.983447 1.0 1.0
0.145396 0.983447 1.0 1.0
0.145396 0.983447 1.0 1.0
0.145396 0.983447 1.0 1.0
0.145396 0.983447 1.0 1.0

3 2 1
3 1 0
7 6 5
7 5 4
11 10 9
11 9 8
15 14 13
15 13 12
19 18 17
19 17 16
23 22 21
23 21 20
27 26 25
27 25 24
31 30 29
31 29 28
35 34 33
35 33 32
39 38 37
39 37 36
43 42 41
43 41 40
47 46 45
47 45 44
51 50 49
51 49 48
55 54 53
55 53 52
59 58 57
59 57 56
63 62 61
63 61 60
67 66 65
67 65 64
71 70 69
71 69 68
75 74 73
75 73 72
79 78 77
79 77 76
83 82 81
83 81 80
87 86 85
87 85 84
91 90 89
91 89 88
95 94 93
95 93 92
99 98 97
99 97 96
103 102 101
103 101 100
107 106 105
107 105 104
111 110 109
111 109 108
115 114 113
115 113 112
119 118 117
119 117 116
123 122 121
123 121 120
127 126 125
127 125 124
131 130 129
131 129 128
135 134 133
135 133 132
139 138 137
139 137 136
143 142 141
143 141 140
147 146 145
147 145 144
151 150 149
151 149 148
155 154 153
155 153 152
159 158 157
159 157 156
163 162 161
163 161 160
167 166 165
167 165 164
171 170 169
171 169 168
175 174 173
175 173 172
179 178 177
179 177 176
183 182 181
183 181 180
187 186 185
187 185 184
191 190 189
191 189 188
195 194 193
195 193 192
199 198 197
199 197 196
203 202 201
203 201 200
207 206 205
207 205 204
211 210 209
211 209 208
215 214 213
215 213 212
219 218 217
219 217 216
223 222 221
223 221 220
227 226 225
227 225 224
231 230 229
231 229 228
235 234 233
235 233 232
239 238 237
239 237 236
243 242 241
243 241 240
247 246 245
247 245 244
251 250 249
251 249 248
255 254 253
255 253 252
259 258 257
259 257 256
263 262 261
263 261 260
267 266 265
267 265 264
271 270 269
271 269 268
275 274 273
275 273 272
279 278 277
279 277 276
283 282 281
283 281 280
287 286 285
287 285 284
291 290 289
291 289 288
295 294 293
295 293 292
299 298 297
299 297 296
303 302 301
303 301 300
307 306 305
307 305 304
311 310 309
311 309 308
315 314 313
315 313 312
319 318 317
319 317 316
323 322 321
323 321 320
327 326 325
327 325 324
331 330 329
331 329 328
335 334 333
335 333 332
339 338 337
339 337 336
343 342 341
343 341 340
347 346 345
347 345 344
351 350 349
351 349 348
