800 398 

-0.055407 0.635669 0.0
-0.058081 0.743063 0.0
-0.058081 0.743773 -0.099138
-0.055407 0.635669 -0.107909
0.0561 0.743773 -0.099138
0.053426 0.635669 -0.107909
0.045445 0.64309 -0.199381
0.047727 0.727752 -0.170721
-0.030742 -0.008077 -0.09111
0.028761 -0.008077 -0.09111
0.028761 -0.008077 -0.022559
-0.030742 -0.008077 -0.022559
0.048233 0.427098 -0.087692
0.028761 -0.008077 -0.09111
-0.030742 -0.008077 -0.09111
-0.050214 0.427098 -0.087692
0.048233 0.390529 0.0
0.028761 -0.008077 -0.022559
0.028761 -0.008077 -0.09111
0.048233 0.427098 -0.087692
-0.050214 0.390529 0.0
-0.030742 -0.008077 -0.022559
0.028761 -0.008077 -0.022559
0.048233 0.390529 0.0
-0.050214 0.427098 -0.087692
-0.030742 -0.008077 -0.09111
-0.030742 -0.008077 -0.022559
-0.050214 0.390529 0.0
-0.050214 0.427098 -0.087692
-0.055407 0.635669 -0.107909
0.053426 0.635669 -0.107909
0.048233 0.427098 -0.087692
-0.050214 0.427098 0.0
-0.055407 0.635669 0.0
-0.055407 0.635669 -0.107909
-0.050214 0.427098 -0.087692
0.048233 0.427098 -0.087692
0.053426 0.635669 -0.107909
0.053426 0.635669 0.0
0.048233 0.427098 0.0
0.0561 0.743773 -0.099138
-0.058081 0.743773 -0.099138
-0.058081 0.743063 0.0
0.0561 0.743063 0.0
0.053426 0.635669 -0.107909
0.0561 0.743773 -0.099138
0.0561 0.743063 0.0
0.053426 0.635669 0.0
0.048233 0.427098 -0.087692
0.048233 0.427098 0.0
0.048233 0.390529 0.0
-0.050214 0.427098 -0.087692
-0.050214 0.390529 0.0
-0.050214 0.427098 0.0
-0.047426 0.64309 -0.199381
-0.049707 0.727752 -0.170721
0.047727 0.727752 -0.170721
0.045445 0.64309 -0.199381
-0.058081 0.743773 -0.099138
0.0561 0.743773 -0.099138
0.047727 0.727752 -0.170721
-0.049707 0.727752 -0.170721
0.045445 0.64309 -0.199381
0.053426 0.635669 -0.107909
0.022628 0.359564 -0.156086
0.019164 0.362785 -0.195788
-0.055407 0.635669 -0.107909
-0.058081 0.743773 -0.099138
-0.049707 0.727752 -0.170721
-0.047426 0.64309 -0.199381
0.022628 0.359564 -0.156086
-0.024609 0.359564 -0.156086
-0.021145 0.362785 -0.195788
0.019164 0.362785 -0.195788
-0.055407 0.635669 -0.107909
-0.047426 0.64309 -0.199381
-0.021145 0.362785 -0.195788
-0.024609 0.359564 -0.156086
-0.047426 0.64309 -0.199381
0.045445 0.64309 -0.199381
0.019164 0.362785 -0.195788
-0.021145 0.362785 -0.195788
0.053426 0.635669 -0.107909
-0.055407 0.635669 -0.107909
-0.024609 0.359564 -0.156086
0.022628 0.359564 -0.156086
-0.055407 0.635669 0.0
-0.055407 0.635669 0.107909
-0.058081 0.743773 0.099138
-0.058081 0.743063 0.0
0.0561 0.743773 0.099138
0.047727 0.727752 0.170721
0.045445 0.64309 0.199381
0.053426 0.635669 0.107909
-0.030742 -0.008077 0.09111
-0.030742 -0.008077 0.022559
0.028761 -0.008077 0.022559
0.028761 -0.008077 0.09111
0.048233 0.427098 0.087692
-0.050214 0.427098 0.087692
-0.030742 -0.008077 0.09111
0.028761 -0.008077 0.09111
0.048233 0.390529 0.0
0.048233 0.427098 0.087692
0.028761 -0.008077 0.09111
0.028761 -0.008077 0.022559
-0.050214 0.390529 0.0
0.048233 0.390529 0.0
0.028761 -0.008077 0.022559
-0.030742 -0.008077 0.022559
-0.050214 0.427098 0.087692
-0.050214 0.390529 0.0
-0.030742 -0.008077 0.022559
-0.030742 -0.008077 0.09111
-0.050214 0.427098 0.087692
0.048233 0.427098 0.087692
0.053426 0.635669 0.107909
-0.055407 0.635669 0.107909
-0.050214 0.427098 0.0
-0.050214 0.427098 0.087692
-0.055407 0.635669 0.107909
-0.055407 0.635669 0.0
0.048233 0.427098 0.087692
0.048233 0.427098 0.0
0.053426 0.635669 0.0
0.053426 0.635669 0.107909
0.0561 0.743773 0.099138
0.0561 0.743063 0.0
-0.058081 0.743063 0.0
-0.058081 0.743773 0.099138
0.053426 0.635669 0.107909
0.053426 0.635669 0.0
0.0561 0.743063 0.0
0.0561 0.743773 0.099138
0.048233 0.427098 0.087692
0.048233 0.390529 0.0
0.048233 0.427098 0.0
-0.050214 0.427098 0.087692
-0.050214 0.427098 0.0
-0.050214 0.390529 0.0
-0.047426 0.64309 0.199381
0.045445 0.64309 0.199381
0.047727 0.727752 0.170721
-0.049707 0.727752 0.170721
-0.058081 0.743773 0.099138
-0.049707 0.727752 0.170721
0.047727 0.727752 0.170721
0.0561 0.743773 0.099138
0.045445 0.64309 0.199381
0.019164 0.362785 0.195788
0.022628 0.359564 0.156086
0.053426 0.635669 0.107909
-0.055407 0.635669 0.107909
-0.047426 0.64309 0.199381
-0.049707 0.727752 0.170721
-0.058081 0.743773 0.099138
0.022628 0.359564 0.156086
0.019164 0.362785 0.195788
-0.021145 0.362785 0.195788
-0.024609 0.359564 0.156086
-0.055407 0.635669 0.107909
-0.024609 0.359564 0.156086
-0.021145 0.362785 0.195788
-0.047426 0.64309 0.199381
-0.047426 0.64309 0.199381
-0.021145 0.362785 0.195788
0.019164 0.362785 0.195788
0.045445 0.64309 0.199381
0.053426 0.635669 0.107909
0.022628 0.359564 0.156086
-0.024609 0.359564 0.156086
-0.055407 0.635669 0.107909
-0.062326 0.863122 0.080381
-0.054828 0.94487 0.072884
-0.054828 0.94487 -0.072884
-0.062326 0.863122 -0.080381
-0.062326 0.863122 -0.080381
-0.054828 0.94487 -0.072884
0.090939 0.94487 -0.072884
0.098437 0.863122 -0.080381
0.098437 0.863122 -0.080381
0.090939 0.94487 -0.072884
0.090939 0.94487 0.072884
0.098437 0.863122 0.080381
0.098437 0.863122 0.080381
0.090939 0.94487 0.072884
-0.054828 0.94487 0.072884
-0.062326 0.863122 0.080381
-0.062326 0.863122 0.080381
-0.062326 0.863122 -0.080381
-0.019464 0.786869 -0.063041
-0.019464 0.786869 0.063041
0.090939 0.94487 -0.072884
-0.054828 0.94487 -0.072884
-0.054828 0.94487 0.072884
0.090939 0.94487 0.072884
-0.019464 0.786869 -0.063041
0.084252 0.786869 -0.063041
0.084252 0.786869 0.063041
-0.019464 0.786869 0.063041
0.098437 0.863122 -0.080381
0.098437 0.863122 0.080381
0.084252 0.786869 0.063041
0.084252 0.786869 -0.063041
0.098437 0.863122 0.080381
-0.062326 0.863122 0.080381
-0.019464 0.786869 0.063041
0.084252 0.786869 0.063041
-0.062326 0.863122 -0.080381
0.098437 0.863122 -0.080381
0.084252 0.786869 -0.063041
-0.019464 0.786869 -0.063041
0.049872 0.850623 0.086887
0.032506 0.784351 0.069337
0.088092 0.78537 0.069337
0.071367 0.860896 0.086887
0.049872 0.850623 0.086887
0.049872 0.850623 0.086887
0.071367 0.860896 0.086887
0.071367 0.860896 0.086887
0.032506 0.784351 0.0
0.072821 0.752682 0.0
0.064404 0.763295 0.059856
0.032506 0.784351 0.069337
0.09837 0.776424 0.000296
0.095097 0.805004 0.0
0.093269 0.80731 0.069337
0.088092 0.78537 0.069337
0.088092 0.78537 0.069337
0.093269 0.80731 0.069337
0.071367 0.860896 0.086887
0.032506 0.784351 0.069337
0.064404 0.763295 0.059856
0.089166 0.758159 0.059856
0.088092 0.78537 0.069337
0.088092 0.78537 0.069337
0.089166 0.758159 0.059856
0.108849 0.751978 0.0
0.09837 0.776424 0.000296
0.108849 0.751978 0.0
0.130174 0.720541 0.0
0.116462 0.728955 -0.041769
0.089166 0.758455 -0.058969
0.049872 0.850623 -0.086887
0.071367 0.860896 -0.086887
0.088092 0.78537 -0.069337
0.032506 0.784351 -0.069337
0.049872 0.850623 -0.086887
0.071367 0.860896 -0.086887
0.071367 0.860896 -0.086887
0.049872 0.850623 -0.086887
0.032506 0.784351 0.0
0.032506 0.784351 -0.069337
0.064404 0.763295 -0.059856
0.072821 0.752682 0.0
0.09837 0.776424 0.000296
0.088092 0.78537 -0.069337
0.093269 0.80731 -0.069337
0.095097 0.805004 0.0
0.088092 0.78537 -0.069337
0.071367 0.860896 -0.086887
0.093269 0.80731 -0.069337
0.032506 0.784351 -0.069337
0.088092 0.78537 -0.069337
0.089166 0.758455 -0.058969
0.064404 0.763295 -0.059856
0.088092 0.78537 -0.069337
0.09837 0.776424 0.000296
0.108849 0.751978 0.0
0.089166 0.758455 -0.058969
0.089166 0.758159 0.059856
0.116462 0.730138 0.040882
0.130174 0.720541 0.0
0.108849 0.751978 0.0
0.130174 0.720541 0.0
0.150459 0.70183 0.0
0.150459 0.70183 -0.012642
0.116462 0.728955 -0.041769
0.116944 0.709455 0.0
0.148594 0.69623 0.0
0.148594 0.69623 0.012642
0.104389 0.725284 0.039403
0.064404 0.763295 0.059856
0.104389 0.725284 0.039403
0.116462 0.730138 0.040882
0.089166 0.758159 0.059856
0.089166 0.758455 -0.058969
0.116462 0.728955 -0.041769
0.104389 0.725284 -0.039403
0.064404 0.763295 -0.059856
0.072821 0.752682 0.0
0.116944 0.709455 0.0
0.104389 0.725284 0.039403
0.064404 0.763295 0.059856
0.064404 0.763295 -0.059856
0.104389 0.725284 -0.039403
0.116944 0.709455 0.0
0.072821 0.752682 0.0
0.150459 0.70183 0.012642
0.148594 0.69623 0.012642
0.148594 0.69623 0.0
0.150459 0.70183 0.0
0.150459 0.70183 -0.012642
0.150459 0.70183 0.0
0.148594 0.69623 0.0
0.148594 0.69623 -0.012642
0.116462 0.728955 -0.041769
0.150459 0.70183 -0.012642
0.148594 0.69623 -0.012642
0.104389 0.725284 -0.039403
0.116462 0.730138 0.040882
0.150459 0.70183 0.012642
0.150459 0.70183 0.0
0.130174 0.720541 0.0
0.104389 0.725284 0.039403
0.148594 0.69623 0.012642
0.150459 0.70183 0.012642
0.116462 0.730138 0.040882
0.104389 0.725284 -0.039403
0.148594 0.69623 -0.012642
0.148594 0.69623 0.0
0.116944 0.709455 0.0
0.071127 0.440001 0.004452
0.08169 0.213347 -0.002572
0.05661 0.22646 -0.100072
0.051801 0.446336 -0.090552
0.08169 0.213347 -0.002572
0.071127 0.440001 0.004452
0.053817 0.434863 0.097512
0.049461 0.200822 0.119356
0.051801 0.446336 -0.090552
0.05661 0.22646 -0.100072
-6.4e-05 0.230032 -0.118164
-0.023704 0.432076 -0.097314
0.049461 0.200822 0.119356
0.053817 0.434863 0.097512
-0.052644 0.440678 0.092914
-0.052649 0.223664 0.103082
-0.052649 0.223664 0.103082
-0.052644 0.440678 0.092914
-0.074816 0.428119 -0.003217
-0.08915 0.199437 0.003027
-0.08915 0.199437 0.003027
-0.074816 0.428119 -0.003217
-0.062818 0.430934 -0.09289
-0.061135 0.226027 -0.10182
-0.061135 0.226027 -0.10182
-0.062818 0.430934 -0.09289
-0.023704 0.432076 -0.097314
-0.03004 0.233263 -0.126141
-0.087812 0.668703 -0.053309
-0.066368 0.758055 -0.050964
-0.064658 0.744405 -0.133558
-0.070644 0.713549 -0.126494
-0.071781 0.706371 0.132399
-0.058749 0.749709 0.147484
-0.069947 0.755507 0.04925
-0.092309 0.661084 0.033871
-0.092309 0.661084 0.033871
-0.069947 0.755507 0.04925
-0.066368 0.758055 -0.050964
-0.087812 0.668703 -0.053309
-0.097552 0.374575 0.041239
-0.099478 0.447978 0.045419
-0.100221 0.456245 -0.048258
-0.117568 0.296367 -0.061468
-0.099478 0.447978 0.045419
-0.090304 0.543773 0.040509
-0.095202 0.57382 -0.031881
-0.100221 0.456245 -0.048258
-0.090304 0.543773 0.040509
-0.092309 0.661084 0.033871
-0.087812 0.668703 -0.053309
-0.095202 0.57382 -0.031881
-0.086068 0.309614 0.150959
-0.076879 0.451139 0.142721
-0.099478 0.447978 0.045419
-0.097552 0.374575 0.041239
-0.076879 0.451139 0.142721
-0.072339 0.568294 0.141522
-0.090304 0.543773 0.040509
-0.099478 0.447978 0.045419
-0.072339 0.568294 0.141522
-0.071781 0.706371 0.132399
-0.092309 0.661084 0.033871
-0.090304 0.543773 0.040509
-0.117568 0.296367 -0.061468
-0.100221 0.456245 -0.048258
-0.066313 0.441432 -0.138392
-0.060759 0.328523 -0.141006
-0.100221 0.456245 -0.048258
-0.095202 0.57382 -0.031881
-0.069892 0.528831 -0.135872
-0.066313 0.441432 -0.138392
-0.095202 0.57382 -0.031881
-0.087812 0.668703 -0.053309
-0.070644 0.713549 -0.126494
-0.069892 0.528831 -0.135872
-0.069947 0.755507 0.04925
-0.058749 0.749709 0.147484
0.07057 0.745255 0.111778
0.065823 0.74958 0.072223
-0.064658 0.744405 -0.133558
-0.066368 0.758055 -0.050964
0.06 0.750466 -0.064032
0.063051 0.744184 -0.09552
0.065823 0.74958 0.072223
0.07057 0.745255 0.111778
0.072021 0.6948 -0.003921
0.063051 0.744184 -0.09552
0.06 0.750466 -0.064032
0.072021 0.6948 -0.003921
0.288743 0.398622 -0.187597
0.288743 0.398622 -0.159534
0.288743 0.370559 -0.159534
0.288743 0.370559 -0.187597
0.288743 0.398622 -0.159534
-0.099288 0.398622 -0.159534
-0.099288 0.370559 -0.159534
0.288743 0.370559 -0.159534
-0.099288 0.398622 -0.159534
-0.099288 0.398622 -0.187597
-0.099288 0.370559 -0.187597
-0.099288 0.370559 -0.159534
-0.099288 0.398622 -0.187597
0.288743 0.398622 -0.187597
0.288743 0.370559 -0.187597
-0.099288 0.370559 -0.187597
0.288743 0.398622 -0.159534
0.288743 0.398622 -0.187597
-0.099288 0.398622 -0.187597
-0.099288 0.398622 -0.159534
-0.099288 0.370559 -0.159534
-0.099288 0.370559 -0.187597
0.288743 0.370559 -0.187597
0.288743 0.370559 -0.159534
0.288743 0.398622 0.187597
0.288743 0.370559 0.187597
0.288743 0.370559 0.159534
0.288743 0.398622 0.159534
0.288743 0.398622 0.159534
0.288743 0.370559 0.159534
-0.099288 0.370559 0.159534
-0.099288 0.398622 0.159534
-0.099288 0.398622 0.159534
-0.099288 0.370559 0.159534
-0.099288 0.370559 0.187597
-0.099288 0.398622 0.187597
-0.099288 0.398622 0.187597
-0.099288 0.370559 0.187597
0.288743 0.370559 0.187597
0.288743 0.398622 0.187597
0.288743 0.398622 0.159534
-0.099288 0.398622 0.159534
-0.099288 0.398622 0.187597
0.288743 0.398622 0.187597
-0.099288 0.370559 0.159534
0.288743 0.370559 0.159534
0.288743 0.370559 0.187597
-0.099288 0.370559 0.187597
0.17777 0.361493 -0.14879
0.17777 0.409869 -0.14879
0.17777 0.409869 -0.197693
0.17777 0.361493 -0.197693
0.17777 0.361493 -0.197693
0.17777 0.409869 -0.197693
0.261622 0.409869 -0.197693
0.261622 0.361493 -0.197693
0.261622 0.361493 -0.197693
0.261622 0.409869 -0.197693
0.261622 0.409869 -0.14879
0.261622 0.361493 -0.14879
0.261622 0.361493 -0.14879
0.261622 0.409869 -0.14879
0.17777 0.409869 -0.14879
0.17777 0.361493 -0.14879
0.261622 0.361493 -0.14879
0.17777 0.361493 -0.14879
0.188898 0.324944 -0.15528
0.250494 0.324944 -0.15528
0.261622 0.409869 -0.14879
0.261622 0.409869 -0.197693
0.276154 0.448172 -0.206168
0.276154 0.448172 -0.140315
0.163238 0.448172 -0.140315
0.276154 0.448172 -0.140315
0.257914 0.463615 -0.150952
0.181478 0.463615 -0.150952
0.17777 0.409869 -0.197693
0.17777 0.409869 -0.14879
0.163238 0.448172 -0.140315
0.163238 0.448172 -0.206168
0.17777 0.409869 -0.14879
0.261622 0.409869 -0.14879
0.276154 0.448172 -0.140315
0.163238 0.448172 -0.140315
0.261622 0.409869 -0.197693
0.17777 0.409869 -0.197693
0.163238 0.448172 -0.206168
0.276154 0.448172 -0.206168
0.250494 0.324944 -0.15528
0.188898 0.324944 -0.15528
0.120872 0.216589 -0.173241
0.31852 0.216589 -0.173241
0.17777 0.361493 -0.197693
0.261622 0.361493 -0.197693
0.250494 0.324944 -0.191203
0.188898 0.324944 -0.191203
0.17777 0.361493 -0.14879
0.17777 0.361493 -0.197693
0.188898 0.324944 -0.191203
0.188898 0.324944 -0.15528
0.261622 0.361493 -0.197693
0.261622 0.361493 -0.14879
0.250494 0.324944 -0.15528
0.250494 0.324944 -0.191203
0.188898 0.324944 -0.191203
0.250494 0.324944 -0.191203
0.31852 0.216589 -0.173241
0.120872 0.216589 -0.173241
0.250494 0.324944 -0.191203
0.250494 0.324944 -0.15528
0.31852 0.216589 -0.173241
0.188898 0.324944 -0.15528
0.188898 0.324944 -0.191203
0.120872 0.216589 -0.173241
0.257914 0.463615 -0.19553
0.181478 0.463615 -0.19553
0.181478 0.463615 -0.150952
0.257914 0.463615 -0.150952
0.276154 0.448172 -0.206168
0.163238 0.448172 -0.206168
0.181478 0.463615 -0.19553
0.257914 0.463615 -0.19553
0.276154 0.448172 -0.140315
0.276154 0.448172 -0.206168
0.257914 0.463615 -0.19553
0.257914 0.463615 -0.150952
0.163238 0.448172 -0.206168
0.163238 0.448172 -0.140315
0.181478 0.463615 -0.150952
0.181478 0.463615 -0.19553
0.17777 0.361493 0.14879
0.17777 0.361493 0.197693
0.17777 0.409869 0.197693
0.17777 0.409869 0.14879
0.17777 0.361493 0.197693
0.261622 0.361493 0.197693
0.261622 0.409869 0.197693
0.17777 0.409869 0.197693
0.261622 0.361493 0.197693
0.261622 0.361493 0.14879
0.261622 0.409869 0.14879
0.261622 0.409869 0.197693
0.261622 0.361493 0.14879
0.17777 0.361493 0.14879
0.17777 0.409869 0.14879
0.261622 0.409869 0.14879
0.261622 0.361493 0.14879
0.250494 0.324944 0.15528
0.188898 0.324944 0.15528
0.17777 0.361493 0.14879
0.261622 0.409869 0.14879
0.276154 0.448172 0.140315
0.276154 0.448172 0.206168
0.261622 0.409869 0.197693
0.163238 0.448172 0.140315
0.181478 0.463615 0.150952
0.257914 0.463615 0.150952
0.276154 0.448172 0.140315
0.17777 0.409869 0.197693
0.163238 0.448172 0.206168
0.163238 0.448172 0.140315
0.17777 0.409869 0.14879
0.17777 0.409869 0.14879
0.163238 0.448172 0.140315
0.276154 0.448172 0.140315
0.261622 0.409869 0.14879
0.261622 0.409869 0.197693
0.276154 0.448172 0.206168
0.163238 0.448172 0.206168
0.17777 0.409869 0.197693
0.250494 0.324944 0.15528
0.31852 0.216589 0.173241
0.120872 0.216589 0.173241
0.188898 0.324944 0.15528
0.17777 0.361493 0.197693
0.188898 0.324944 0.191203
0.250494 0.324944 0.191203
0.261622 0.361493 0.197693
0.17777 0.361493 0.14879
0.188898 0.324944 0.15528
0.188898 0.324944 0.191203
0.17777 0.361493 0.197693
0.261622 0.361493 0.197693
0.250494 0.324944 0.191203
0.250494 0.324944 0.15528
0.261622 0.361493 0.14879
0.188898 0.324944 0.191203
0.120872 0.216589 0.173241
0.31852 0.216589 0.173241
0.250494 0.324944 0.191203
0.250494 0.324944 0.191203
0.31852 0.216589 0.173241
0.250494 0.324944 0.15528
0.188898 0.324944 0.15528
0.120872 0.216589 0.173241
0.188898 0.324944 0.191203
0.257914 0.463615 0.19553
0.257914 0.463615 0.150952
0.181478 0.463615 0.150952
0.181478 0.463615 0.19553
0.276154 0.448172 0.206168
0.257914 0.463615 0.19553
0.181478 0.463615 0.19553
0.163238 0.448172 0.206168
0.276154 0.448172 0.140315
0.257914 0.463615 0.150952
0.257914 0.463615 0.19553
0.276154 0.448172 0.206168
0.163238 0.448172 0.206168
0.181478 0.463615 0.19553
0.181478 0.463615 0.150952
0.163238 0.448172 0.140315
-0.031735 0.752309 -0.093554
-0.02411 0.777569 -0.104992
-0.022717 0.767879 -0.148503
-0.034468 0.748754 -0.158596
-0.042468 0.735576 -0.157185
0.001061 0.758906 -0.166115
0.020372 0.753305 -0.16141
0.011293 0.738934 -0.192304
-0.003114 0.73912 -0.195668
0.045425 0.733617 -0.159049
0.035389 0.750943 -0.158974
0.027035 0.767181 -0.151083
0.023495 0.780034 -0.107553
0.037732 0.748847 -0.09332
0.002314 0.750413 -0.07595
0.000682 0.786921 -0.098539
-0.02411 0.777569 -0.104992
-0.031735 0.752309 -0.093554
0.027035 0.767181 -0.151083
0.001379 0.774024 -0.157553
0.000682 0.786921 -0.098539
0.023495 0.780034 -0.107553
0.001379 0.774024 -0.157553
-0.022717 0.767879 -0.148503
-0.02411 0.777569 -0.104992
0.000682 0.786921 -0.098539
0.037732 0.748847 -0.09332
0.023495 0.780034 -0.107553
0.000682 0.786921 -0.098539
0.002314 0.750413 -0.07595
-0.042468 0.735576 -0.157185
-0.034468 0.748754 -0.158596
-0.016596 0.752855 -0.161712
-0.02351 0.730974 -0.167993
-0.003091 0.716353 -0.199195
-0.003114 0.73912 -0.195668
0.011293 0.738934 -0.192304
0.013475 0.718308 -0.197394
0.035389 0.750943 -0.158974
0.020372 0.753305 -0.16141
0.001061 0.758906 -0.166115
0.001379 0.774024 -0.157553
0.027035 0.767181 -0.151083
0.001061 0.758906 -0.166115
-0.016596 0.752855 -0.161712
-0.034468 0.748754 -0.158596
-0.022717 0.767879 -0.148503
0.001379 0.774024 -0.157553
0.031131 0.729504 -0.166663
0.020372 0.753305 -0.16141
0.035389 0.750943 -0.158974
0.045425 0.733617 -0.159049
0.020372 0.753305 -0.16141
0.031131 0.729504 -0.166663
0.013475 0.718308 -0.197394
0.011293 0.738934 -0.192304
-0.018353 0.720246 -0.19474
-0.015174 0.737949 -0.192674
-0.003114 0.73912 -0.195668
-0.003091 0.716353 -0.199195
-0.02351 0.730974 -0.167993
-0.016596 0.752855 -0.161712
-0.015174 0.737949 -0.192674
-0.018353 0.720246 -0.19474
0.001397 0.730083 -0.168678
-0.02351 0.730974 -0.167993
-0.018353 0.720246 -0.19474
-0.003091 0.716353 -0.199195
0.031131 0.729504 -0.166663
0.001397 0.730083 -0.168678
-0.003091 0.716353 -0.199195
0.013475 0.718308 -0.197394
-0.016596 0.752855 -0.161712
0.001061 0.758906 -0.166115
-0.003114 0.73912 -0.195668
-0.015174 0.737949 -0.192674
-0.031735 0.752309 0.093554
-0.042468 0.735576 0.157185
-0.034468 0.748754 0.158596
-0.022717 0.767879 0.148503
-0.02411 0.777569 0.104992
0.001061 0.758906 0.166115
-0.003114 0.73912 0.195668
0.011293 0.738934 0.192304
0.020372 0.753305 0.16141
0.045425 0.733617 0.159049
0.037732 0.748847 0.09332
0.023495 0.780034 0.107553
0.027035 0.767181 0.151083
0.035389 0.750943 0.158974
0.002314 0.750413 0.07595
-0.031735 0.752309 0.093554
-0.02411 0.777569 0.104992
0.000682 0.786921 0.098539
0.027035 0.767181 0.151083
0.023495 0.780034 0.107553
0.000682 0.786921 0.098539
0.001379 0.774024 0.157553
0.001379 0.774024 0.157553
0.000682 0.786921 0.098539
-0.02411 0.777569 0.104992
-0.022717 0.767879 0.148503
0.037732 0.748847 0.09332
0.002314 0.750413 0.07595
0.000682 0.786921 0.098539
0.023495 0.780034 0.107553
-0.042468 0.735576 0.157185
-0.02351 0.730974 0.167993
-0.016596 0.752855 0.161712
-0.034468 0.748754 0.158596
-0.003091 0.716353 0.199195
0.013475 0.718308 0.197394
0.011293 0.738934 0.192304
-0.003114 0.73912 0.195668
0.035389 0.750943 0.158974
0.027035 0.767181 0.151083
0.001379 0.774024 0.157553
0.001061 0.758906 0.166115
0.020372 0.753305 0.16141
0.001061 0.758906 0.166115
0.001379 0.774024 0.157553
-0.022717 0.767879 0.148503
-0.034468 0.748754 0.158596
-0.016596 0.752855 0.161712
0.031131 0.729504 0.166663
0.045425 0.733617 0.159049
0.035389 0.750943 0.158974
0.020372 0.753305 0.16141
0.020372 0.753305 0.16141
0.011293 0.738934 0.192304
0.013475 0.718308 0.197394
0.031131 0.729504 0.166663
-0.018353 0.720246 0.19474
-0.003091 0.716353 0.199195
-0.003114 0.73912 0.195668
-0.015174 0.737949 0.192674
-0.02351 0.730974 0.167993
-0.018353 0.720246 0.19474
-0.015174 0.737949 0.192674
-0.016596 0.752855 0.161712
0.001397 0.730083 0.168678
-0.003091 0.716353 0.199195
-0.018353 0.720246 0.19474
-0.02351 0.730974 0.167993
0.031131 0.729504 0.166663
0.013475 0.718308 0.197394
-0.003091 0.716353 0.199195
0.001397 0.730083 0.168678
-0.016596 0.752855 0.161712
-0.015174 0.737949 0.192674
-0.003114 0.73912 0.195668
0.001061 0.758906 0.166115
0.054054 0.626097 -0.033603
0.052844 0.602788 -0.008386
0.053668 0.591064 -0.014986
0.053994 0.602581 -0.027189
0.055441 0.678621 -0.066538
0.054054 0.626097 -0.033603
0.053994 0.602581 -0.027189
0.057224 0.687178 -0.089628
0.053668 0.591064 -0.014986
0.052844 0.602788 -0.008386
0.050379 0.468807 0.065947
0.05115 0.519245 0.030098
0.053879 0.640503 -0.017178
0.053139 0.626235 -0.001742
0.053643 0.619059 -0.005783
0.053842 0.626108 -0.013252
0.054728 0.672653 -0.037337
0.053879 0.640503 -0.017178
0.053842 0.626108 -0.013252
0.05582 0.67789 -0.051471
0.053643 0.619059 -0.005783
0.053139 0.626235 -0.001742
0.05163 0.544225 0.043756
0.052102 0.575098 0.021814

no_normals
0.540027 0.125
0.625 0.125
0.625 0.25
0.540027 0.25
0.625 0.5
0.540027 0.5
0.540027 0.5
0.625 0.5
0.375 0.25
0.375 0.5
0.375 0.5
0.375 0.25
0.375 0.5
0.375 0.5
0.375 0.25
0.375 0.25
0.375 0.5
0.375 0.5
0.375 0.5
0.375 0.5
0.375 0.25
0.375 0.25
0.375 0.5
0.375 0.5
0.375 0.25
0.375 0.25
0.375 0.25
0.375 0.25
0.375 0.25
0.540027 0.25
0.540027 0.5
0.375 0.5
0.375 0.125
0.540027 0.125
0.540027 0.25
0.375 0.25
0.375 0.5
0.540027 0.5
0.540027 0.625
0.375 0.625
0.625 0.5
0.875 0.5
0.875 0.625
0.625 0.625
0.540027 0.5
0.625 0.5
0.625 0.625
0.540027 0.625
0.375 0.5
0.375 0.625
0.375 0.5
0.375 0.25
0.375 0.25
0.375 0.125
0.540027 0.25
0.625 0.25
0.625 0.5
0.540027 0.5
0.875 0.5
0.625 0.5
0.625 0.5
0.875 0.5
0.540027 0.5
0.540027 0.5
0.540027 0.5
0.540027 0.5
0.540027 0.25
0.625 0.25
0.625 0.25
0.540027 0.25
0.540027 0.5
0.540027 0.25
0.540027 0.25
0.540027 0.5
0.540027 0.25
0.540027 0.25
0.540027 0.25
0.540027 0.25
0.540027 0.25
0.540027 0.5
0.540027 0.5
0.540027 0.25
0.540027 0.5
0.540027 0.25
0.540027 0.25
0.540027 0.5
0.540027 0.125
0.540027 0.25
0.625 0.25
0.625 0.125
0.625 0.5
0.625 0.5
0.540027 0.5
0.540027 0.5
0.375 0.25
0.375 0.25
0.375 0.5
0.375 0.5
0.375 0.5
0.375 0.25
0.375 0.25
0.375 0.5
0.375 0.5
0.375 0.5
0.375 0.5
0.375 0.5
0.375 0.25
0.375 0.5
0.375 0.5
0.375 0.25
0.375 0.25
0.375 0.25
0.375 0.25
0.375 0.25
0.375 0.25
0.375 0.5
0.540027 0.5
0.540027 0.25
0.375 0.125
0.375 0.25
0.540027 0.25
0.540027 0.125
0.375 0.5
0.375 0.625
0.540027 0.625
0.540027 0.5
0.625 0.5
0.625 0.625
0.875 0.625
0.875 0.5
0.540027 0.5
0.540027 0.625
0.625 0.625
0.625 0.5
0.375 0.5
0.375 0.5
0.375 0.625
0.375 0.25
0.375 0.125
0.375 0.25
0.540027 0.25
0.540027 0.5
0.625 0.5
0.625 0.25
0.875 0.5
0.875 0.5
0.625 0.5
0.625 0.5
0.540027 0.5
0.540027 0.5
0.540027 0.5
0.540027 0.5
0.540027 0.25
0.540027 0.25
0.625 0.25
0.625 0.25
0.540027 0.5
0.540027 0.5
0.540027 0.25
0.540027 0.25
0.540027 0.25
0.540027 0.25
0.540027 0.25
0.540027 0.25
0.540027 0.25
0.540027 0.25
0.540027 0.5
0.540027 0.5
0.540027 0.5
0.540027 0.5
0.540027 0.25
0.540027 0.25
0.375 0.0
0.625 0.0
0.625 0.25
0.375 0.25
0.375 0.25
0.625 0.25
0.625 0.5
0.375 0.5
0.375 0.5
0.625 0.5
0.625 0.75
0.375 0.75
0.375 0.75
0.625 0.75
0.625 1.0
0.375 1.0
0.375 0.0
0.375 0.25
0.375 0.25
0.375 0.0
0.625 0.5
0.875 0.5
0.875 0.75
0.625 0.75
0.125 0.5
0.375 0.5
0.375 0.75
0.125 0.75
0.375 0.5
0.375 0.75
0.375 0.75
0.375 0.5
0.375 0.75
0.375 1.0
0.375 1.0
0.375 0.75
0.375 0.25
0.375 0.5
0.375 0.5
0.375 0.25
0.0 0.0
0.0 0.0
0.0 0.0
0.0 0.0
0.0 0.0
0.0 0.0
0.0 0.0
0.0 0.0
0.0 0.0
0.0 0.0
0.0 0.0
0.0 0.0
0.0 0.0
0.0 0.0
0.0 0.0
0.0 0.0
0.0 0.0
0.0 0.0
0.0 0.0
0.0 0.0
0.0 0.0
0.0 0.0
0.0 0.0
0.0 0.0
0.0 0.0
0.0 0.0
0.0 0.0
0.0 0.0
0.0 0.0
0.0 0.0
0.0 0.0
0.0 0.0
0.0 0.0
0.0 0.0
0.0 0.0
0.0 0.0
0.0 0.0
0.0 0.0
0.0 0.0
0.0 0.0
0.0 0.0
0.0 0.0
0.0 0.0
0.0 0.0
0.0 0.0
0.0 0.0
0.0 0.0
0.0 0.0
0.0 0.0
0.0 0.0
0.0 0.0
0.0 0.0
0.0 0.0
0.0 0.0
0.0 0.0
0.0 0.0
0.0 0.0
0.0 0.0
0.0 0.0
0.0 0.0
0.0 0.0
0.0 0.0
0.0 0.0
0.0 0.0
0.0 0.0
0.0 0.0
0.0 0.0
0.0 0.0
0.0 0.0
0.0 0.0
0.0 0.0
0.0 0.0
0.0 0.0
0.0 0.0
0.0 0.0
0.0 0.0
0.0 0.0
0.0 0.0
0.0 0.0
0.0 0.0
0.0 0.0
0.0 0.0
0.0 0.0
0.0 0.0
0.0 0.0
0.0 0.0
0.0 0.0
0.0 0.0
0.0 0.0
0.0 0.0
0.0 0.0
0.0 0.0
0.0 0.0
0.0 0.0
0.0 0.0
0.0 0.0
0.0 0.0
0.0 0.0
0.0 0.0
0.0 0.0
0.0 0.0
0.0 0.0
0.0 0.0
0.0 0.0
0.0 0.0
0.0 0.0
0.0 0.0
0.0 0.0
0.0 0.0
0.0 0.0
0.0 0.0
1.0 0.0
1.0 1.0
0.0 1.0
1.0 0.0
0.0 0.0
0.0 0.0
1.0 0.0
0.0 1.0
1.0 1.0
1.0 1.0
0.0 1.0
1.0 0.0
0.0 0.0
0.0 0.0
1.0 0.0
1.0 0.0
0.0 0.0
0.0 0.0
1.0 0.0
1.0 0.0
0.0 0.0
0.0 0.0
1.0 0.0
1.0 0.0
0.0 0.0
0.0 0.0
1.0 0.0
0.75 0.666667
1.0 0.666667
1.0 1.0
0.75 1.0
0.75 0.0
1.0 0.0
1.0 0.333333
0.75 0.333333
0.75 0.333333
1.0 0.333333
1.0 0.666667
0.75 0.666667
0.0 0.333333
0.25 0.333333
0.25 0.666667
0.0 0.666667
0.25 0.333333
0.5 0.333333
0.5 0.666667
0.25 0.666667
0.5 0.333333
0.75 0.333333
0.75 0.666667
0.5 0.666667
0.0 0.0
0.25 0.0
0.25 0.333333
0.0 0.333333
0.25 0.0
0.5 0.0
0.5 0.333333
0.25 0.333333
0.5 0.0
0.75 0.0
0.75 0.333333
0.5 0.333333
0.0 0.666667
0.25 0.666667
0.25 1.0
0.0 1.0
0.25 0.666667
0.5 0.666667
0.5 1.0
0.25 1.0
0.5 0.666667
0.75 0.666667
0.75 1.0
0.5 1.0
1.0 0.333333
1.0 0.0
1.0 0.0
1.0 0.333333
1.0 1.0
1.0 0.666667
1.0 0.666667
1.0 1.0
1.0 0.333333
1.0 0.0
1.0 0.333333
1.0 1.0
1.0 0.666667
1.0 1.0
0.375 0.0
0.375 0.25
0.625 0.25
0.625 0.0
0.375 0.25
0.375 0.5
0.625 0.5
0.625 0.25
0.375 0.5
0.375 0.75
0.625 0.75
0.625 0.5
0.375 0.75
0.375 1.0
0.625 1.0
0.625 0.75
0.125 0.5
0.125 0.75
0.375 0.75
0.375 0.5
0.625 0.5
0.625 0.75
0.875 0.75
0.875 0.5
0.375 0.0
0.625 0.0
0.625 0.25
0.375 0.25
0.375 0.25
0.625 0.25
0.625 0.5
0.375 0.5
0.375 0.5
0.625 0.5
0.625 0.75
0.375 0.75
0.375 0.75
0.625 0.75
0.625 1.0
0.375 1.0
0.125 0.5
0.375 0.5
0.375 0.75
0.125 0.75
0.625 0.5
0.875 0.5
0.875 0.75
0.625 0.75
0.375 0.0
0.625 0.0
0.625 0.25
0.375 0.25
0.375 0.25
0.625 0.25
0.625 0.5
0.375 0.5
0.375 0.5
0.625 0.5
0.625 0.75
0.375 0.75
0.375 0.75
0.625 0.75
0.625 1.0
0.375 1.0
0.375 0.75
0.375 1.0
0.375 1.0
0.375 0.75
0.625 0.75
0.625 0.5
0.625 0.5
0.625 0.75
0.625 1.0
0.625 0.75
0.625 0.75
0.625 1.0
0.625 0.25
0.625 0.0
0.625 0.0
0.625 0.25
0.625 1.0
0.625 0.75
0.625 0.75
0.625 1.0
0.625 0.5
0.625 0.25
0.625 0.25
0.625 0.5
0.375 0.75
0.375 1.0
0.375 1.0
0.375 0.75
0.375 0.25
0.375 0.5
0.375 0.5
0.375 0.25
0.375 0.0
0.375 0.25
0.375 0.25
0.375 0.0
0.375 0.5
0.375 0.75
0.375 0.75
0.375 0.5
0.375 0.25
0.375 0.5
0.375 0.5
0.375 0.25
0.375 0.5
0.375 0.75
0.375 0.5
0.375 0.0
0.375 0.25
0.375 0.0
0.625 0.5
0.875 0.5
0.875 0.75
0.625 0.75
0.625 0.5
0.625 0.25
0.625 0.25
0.625 0.5
0.625 0.75
0.625 0.5
0.625 0.5
0.625 0.75
0.625 0.25
0.625 0.0
0.625 0.0
0.625 0.25
0.375 0.0
0.375 0.25
0.625 0.25
0.625 0.0
0.375 0.25
0.375 0.5
0.625 0.5
0.625 0.25
0.375 0.5
0.375 0.75
0.625 0.75
0.625 0.5
0.375 0.75
0.375 1.0
0.625 1.0
0.625 0.75
0.375 0.75
0.375 0.75
0.375 1.0
0.375 1.0
0.625 0.75
0.625 0.75
0.625 0.5
0.625 0.5
0.625 1.0
0.625 1.0
0.625 0.75
0.625 0.75
0.625 0.25
0.625 0.25
0.625 0.0
0.625 0.0
0.625 1.0
0.625 1.0
0.625 0.75
0.625 0.75
0.625 0.5
0.625 0.5
0.625 0.25
0.625 0.25
0.375 0.75
0.375 0.75
0.375 1.0
0.375 1.0
0.375 0.25
0.375 0.25
0.375 0.5
0.375 0.5
0.375 0.0
0.375 0.0
0.375 0.25
0.375 0.25
0.375 0.5
0.375 0.5
0.375 0.75
0.375 0.75
0.375 0.25
0.375 0.25
0.375 0.5
0.375 0.5
0.375 0.5
0.375 0.5
0.375 0.75
0.375 0.0
0.375 0.0
0.375 0.25
0.625 0.5
0.625 0.75
0.875 0.75
0.875 0.5
0.625 0.5
0.625 0.5
0.625 0.25
0.625 0.25
0.625 0.75
0.625 0.75
0.625 0.5
0.625 0.5
0.625 0.25
0.625 0.25
0.625 0.0
0.625 0.0
0.375 0.0
0.625 0.0
0.625 0.25
0.495767 0.25
0.375 0.25
0.527827 0.375
0.515513 0.442097
0.515513 0.442097
0.527827 0.375
0.375 0.5
0.504887 0.5
0.625 0.5
0.625 0.75
0.375 0.75
0.375 0.875
0.625 0.875
0.625 1.0
0.375 1.0
0.625 0.5
0.75 0.5
0.75 0.75
0.625 0.75
0.75 0.5
0.875 0.5
0.875 0.75
0.75 0.75
0.375 0.75
0.625 0.75
0.625 0.875
0.375 0.875
0.375 0.25
0.495767 0.25
0.511818 0.312581
0.375 0.314471
0.375 0.375
0.527827 0.375
0.515513 0.442097
0.375 0.439241
0.504887 0.5
0.515513 0.442097
0.527827 0.375
0.625 0.375
0.625 0.5
0.527827 0.375
0.511818 0.312581
0.495767 0.25
0.625 0.25
0.625 0.375
0.375 0.439241
0.515513 0.442097
0.504887 0.5
0.375 0.5
0.515513 0.442097
0.375 0.439241
0.375 0.439241
0.515513 0.442097
0.375 0.314471
0.511818 0.312581
0.527827 0.375
0.375 0.375
0.375 0.314471
0.511818 0.312581
0.511818 0.312581
0.375 0.314471
0.0 0.0
0.0 0.0
0.0 0.0
0.0 0.0
0.0 0.0
0.0 0.0
0.0 0.0
0.0 0.0
0.511818 0.312581
0.527827 0.375
0.527827 0.375
0.511818 0.312581
0.375 0.0
0.375 0.25
0.495767 0.25
0.625 0.25
0.625 0.0
0.527827 0.375
0.527827 0.375
0.515513 0.442097
0.515513 0.442097
0.375 0.5
0.375 0.75
0.625 0.75
0.625 0.5
0.504887 0.5
0.375 0.875
0.375 1.0
0.625 1.0
0.625 0.875
0.625 0.5
0.625 0.75
0.75 0.75
0.75 0.5
0.75 0.5
0.75 0.75
0.875 0.75
0.875 0.5
0.375 0.75
0.375 0.875
0.625 0.875
0.625 0.75
0.375 0.25
0.375 0.314471
0.511818 0.312581
0.495767 0.25
0.375 0.375
0.375 0.439241
0.515513 0.442097
0.527827 0.375
0.504887 0.5
0.625 0.5
0.625 0.375
0.527827 0.375
0.515513 0.442097
0.527827 0.375
0.625 0.375
0.625 0.25
0.495767 0.25
0.511818 0.312581
0.375 0.439241
0.375 0.5
0.504887 0.5
0.515513 0.442097
0.515513 0.442097
0.515513 0.442097
0.375 0.439241
0.375 0.439241
0.375 0.314471
0.375 0.375
0.527827 0.375
0.511818 0.312581
0.375 0.314471
0.375 0.314471
0.511818 0.312581
0.511818 0.312581
0.0 0.0
0.0 0.0
0.0 0.0
0.0 0.0
0.0 0.0
0.0 0.0
0.0 0.0
0.0 0.0
0.511818 0.312581
0.511818 0.312581
0.527827 0.375
0.527827 0.375
0.5 0.0
0.705588 0.0
0.720046 1.0
0.5 1.0
0.0 0.0
0.5 0.0
0.5 1.0
0.0 1.0
0.720046 1.0
0.705588 0.0
1.0 0.0
1.0 1.0
0.5 0.0
0.705588 0.0
0.720046 1.0
0.5 1.0
0.0 0.0
0.5 0.0
0.5 1.0
0.0 1.0
0.720046 1.0
0.705588 0.0
1.0 0.0
1.0 1.0

1.0 0.79232 0.443225 1.0
1.0 0.79232 0.443225 1.0
1.0 0.79232 0.443225 1.0
1.0 0.79232 0.443225 1.0
1.0 0.79232 0.443225 1.0
1.0 0.79232 0.443225 1.0
1.0 0.79232 0.443225 1.0
1.0 0.79232 0.443225 1.0
1.0 0.79232 0.443225 1.0
1.0 0.79232 0.443225 1.0
1.0 0.79232 0.443225 1.0
1.0 0.79232 0.443225 1.0
1.0 0.79232 0.443225 1.0
1.0 0.79232 0.443225 1.0
1.0 0.79232 0.443225 1.0
1.0 0.79232 0.443225 1.0
1.0 0.79232 0.443225 1.0
1.0 0.79232 0.443225 1.0
1.0 0.79232 0.443225 1.0
1.0 0.79232 0.443225 1.0
1.0 0.79232 0.443225 1.0
1.0 0.79232 0.443225 1.0
1.0 0.79232 0.443225 1.0
1.0 0.79232 0.443225 1.0
1.0 0.79232 0.443225 1.0
1.0 0.79232 0.443225 1.0
1.0 0.79232 0.443225 1.0
1.0 0.79232 0.443225 1.0
1.0 0.79232 0.443225 1.0
1.0 0.79232 0.443225 1.0
1.0 0.79232 0.443225 1.0
1.0 0.79232 0.443225 1.0
1.0 0.79232 0.443225 1.0
1.0 0.79232 0.443225 1.0
1.0 0.79232 0.443225 1.0
1.0 0.79232 0.443225 1.0
1.0 0.79232 0.443225 1.0
1.0 0.79232 0.443225 1.0
1.0 0.79232 0.443225 1.0
1.0 0.79232 0.443225 1.0
1.0 0.79232 0.443225 1.0
1.0 0.79232 0.443225 1.0
1.0 0.79232 0.443225 1.0
1.0 0.79232 0.443225 1.0
1.0 0.79232 0.443225 1.0
1.0 0.79232 0.443225 1.0
1.0 0.79232 0.443225 1.0
1.0 0.79232 0.443225 1.0
1.0 0.79232 0.443225 1.0
1.0 0.79232 0.443225 1.0
1.0 0.79232 0.443225 1.0
1.0 0.79232 0.443225 1.0
1.0 0.79232 0.443225 1.0
1.0 0.79232 0.443225 1.0
1.0 0.79232 0.443225 1.0
1.0 0.79232 0.443225 1.0
1.0 0.79232 0.443225 1.0
1.0 0.79232 0.443225 1.0
1.0 0.79232 0.443225 1.0
1.0 0.79232 0.443225 1.0
1.0 0.79232 0.443225 1.0
1.0 0.79232 0.443225 1.0
1.0 0.79232 0.443225 1.0
1.0 0.79232 0.443225 1.0
1.0 0.79232 0.443225 1.0
1.0 0.79232 0.443225 1.0
1.0 0.79232 0.443225 1.0
1.0 0.79232 0.443225 1.0
1.0 0.79232 0.443225 1.0
1.0 0.79232 0.443225 1.0
1.0 0.79232 0.443225 1.0
1.0 0.79232 0.443225 1.0
1.0 0.79232 0.443225 1.0
1.0 0.79232 0.443225 1.0
1.0 0.79232 0.443225 1.0
1.0 0.79232 0.443225 1.0
1.0 0.79232 0.443225 1.0
1.0 0.79232 0.443225 1.0
1.0 0.79232 0.443225 1.0
1.0 0.79232 0.443225 1.0
1.0 0.79232 0.443225 1.0
1.0 0.79232 0.443225 1.0
1.0 0.79232 0.443225 1.0
1.0 0.79232 0.443225 1.0
1.0 0.79232 0.443225 1.0
1.0 0.79232 0.443225 1.0
1.0 0.79232 0.443225 1.0
1.0 0.79232 0.443225 1.0
1.0 0.79232 0.443225 1.0
1.0 0.79232 0.443225 1.0
1.0 0.79232 0.443225 1.0
1.0 0.79232 0.443225 1.0
1.0 0.79232 0.443225 1.0
1.0 0.79232 0.443225 1.0
1.0 0.79232 0.443225 1.0
1.0 0.79232 0.443225 1.0
1.0 0.79232 0.443225 1.0
1.0 0.79232 0.443225 1.0
1.0 0.79232 0.443225 1.0
1.0 0.79232 0.443225 1.0
1.0 0.79232 0.443225 1.0
1.0 0.79232 0.443225 1.0
1.0 0.79232 0.443225 1.0
1.0 0.79232 0.443225 1.0
1.0 0.79232 0.443225 1.0
1.0 0.79232 0.443225 1.0
1.0 0.79232 0.443225 1.0
1.0 0.79232 0.443225 1.0
1.0 0.79232 0.443225 1.0
1.0 0.79232 0.443225 1.0
1.0 0.79232 0.443225 1.0
1.0 0.79232 0.443225 1.0
1.0 0.79232 0.443225 1.0
1.0 0.79232 0.443225 1.0
1.0 0.79232 0.443225 1.0
1.0 0.79232 0.443225 1.0
1.0 0.79232 0.443225 1.0
1.0 0.79232 0.443225 1.0
1.0 0.79232 0.443225 1.0
1.0 0.79232 0.443225 1.0
1.0 0.79232 0.443225 1.0
1.0 0.79232 0.443225 1.0
1.0 0.79232 0.443225 1.0
1.0 0.79232 0.443225 1.0
1.0 0.79232 0.443225 1.0
1.0 0.79232 0.443225 1.0
1.0 0.79232 0.443225 1.0
1.0 0.79232 0.443225 1.0
1.0 0.79232 0.443225 1.0
1.0 0.79232 0.443225 1.0
1.0 0.79232 0.443225 1.0
1.0 0.79232 0.443225 1.0
1.0 0.79232 0.443225 1.0
1.0 0.79232 0.443225 1.0
1.0 0.79232 0.443225 1.0
1.0 0.79232 0.443225 1.0
1.0 0.79232 0.443225 1.0
1.0 0.79232 0.443225 1.0
1.0 0.79232 0.443225 1.0
1.0 0.79232 0.443225 1.0
1.0 0.79232 0.443225 1.0
1.0 0.79232 0.443225 1.0
1.0 0.79232 0.443225 1.0
1.0 0.79232 0.443225 1.0
1.0 0.79232 0.443225 1.0
1.0 0.79232 0.443225 1.0
1.0 0.79232 0.443225 1.0
1.0 0.79232 0.443225 1.0
1.0 0.79232 0.443225 1.0
1.0 0.79232 0.443225 1.0
1.0 0.79232 0.443225 1.0
1.0 0.79232 0.443225 1.0
1.0 0.79232 0.443225 1.0
1.0 0.79232 0.443225 1.0
1.0 0.79232 0.443225 1.0
1.0 0.79232 0.443225 1.0
1.0 0.79232 0.443225 1.0
1.0 0.79232 0.443225 1.0
1.0 0.79232 0.443225 1.0
1.0 0.79232 0.443225 1.0
1.0 0.79232 0.443225 1.0
1.0 0.79232 0.443225 1.0
1.0 0.79232 0.443225 1.0
1.0 0.79232 0.443225 1.0
1.0 0.79232 0.443225 1.0
1.0 0.79232 0.443225 1.0
1.0 0.79232 0.443225 1.0
1.0 0.79232 0.443225 1.0
1.0 0.79232 0.443225 1.0
1.0 0.79232 0.443225 1.0
1.0 0.79232 0.443225 1.0
1.0 0.79232 0.443225 1.0
1.0 0.79232 0.443225 1.0
1.0 0.79232 0.443225 1.0
1.0 0.79232 0.443225 1.0
1.0 0.79232 0.443225 1.0
1.0 0.79232 0.443225 1.0
1.0 0.79232 0.443225 1.0
1.0 0.79232 0.443225 1.0
1.0 0.79232 0.443225 1.0
1.0 0.79232 0.443225 1.0
1.0 0.79232 0.443225 1.0
1.0 0.79232 0.443225 1.0
1.0 0.79232 0.443225 1.0
1.0 0.79232 0.443225 1.0
1.0 0.79232 0.443225 1.0
1.0 0.79232 0.443225 1.0
1.0 0.79232 0.443225 1.0
1.0 0.79232 0.443225 1.0
1.0 0.79232 0.443225 1.0
1.0 0.79232 0.443225 1.0
1.0 0.79232 0.443225 1.0
1.0 0.79232 0.443225 1.0
1.0 0.79232 0.443225 1.0
1.0 0.79232 0.443225 1.0
1.0 0.79232 0.443225 1.0
1.0 0.79232 0.443225 1.0
1.0 0.79232 0.443225 1.0
1.0 0.79232 0.443225 1.0
1.0 0.79232 0.443225 1.0
1.0 0.79232 0.443225 1.0
1.0 0.79232 0.443225 1.0
1.0 0.79232 0.443225 1.0
1.0 0.79232 0.443225 1.0
1.0 0.79232 0.443225 1.0
1.0 0.79232 0.443225 1.0
1.0 0.79232 0.443225 1.0
1.0 0.79232 0.443225 1.0
1.0 0.79232 0.443225 1.0
1.0 0.79232 0.443225 1.0
1.0 0.79232 0.443225 1.0
1.0 0.79232 0.443225 1.0
0.512161 0.512161 0.512161 1.0
0.512161 0.512161 0.512161 1.0
0.512161 0.512161 0.512161 1.0
0.512161 0.512161 0.512161 1.0
0.512161 0.512161 0.512161 1.0
0.512161 0.512161 0.512161 1.0
0.512161 0.512161 0.512161 1.0
0.512161 0.512161 0.512161 1.0
0.512161 0.512161 0.512161 1.0
0.512161 0.512161 0.512161 1.0
0.512161 0.512161 0.512161 1.0
0.512161 0.512161 0.512161 1.0
0.512161 0.512161 0.512161 1.0
0.512161 0.512161 0.512161 1.0
0.512161 0.512161 0.512161 1.0
0.512161 0.512161 0.512161 1.0
0.512161 0.512161 0.512161 1.0
0.512161 0.512161 0.512161 1.0
0.512161 0.512161 0.512161 1.0
0.512161 0.512161 0.512161 1.0
0.512161 0.512161 0.512161 1.0
0.512161 0.512161 0.512161 1.0
0.512161 0.512161 0.512161 1.0
0.512161 0.512161 0.512161 1.0
0.512161 0.512161 0.512161 1.0
0.512161 0.512161 0.512161 1.0
0.512161 0.512161 0.512161 1.0
0.512161 0.512161 0.512161 1.0
0.512161 0.512161 0.512161 1.0
0.512161 0.512161 0.512161 1.0
0.512161 0.512161 0.512161 1.0
0.512161 0.512161 0.512161 1.0
0.512161 0.512161 0.512161 1.0
0.512161 0.512161 0.512161 1.0
0.512161 0.512161 0.512161 1.0
0.512161 0.512161 0.512161 1.0
0.512161 0.512161 0.512161 1.0
0.512161 0.512161 0.512161 1.0
0.512161 0.512161 0.512161 1.0
0.512161 0.512161 0.512161 1.0
0.512161 0.512161 0.512161 1.0
0.512161 0.512161 0.512161 1.0
0.512161 0.512161 0.512161 1.0
0.512161 0.512161 0.512161 1.0
0.512161 0.512161 0.512161 1.0
0.512161 0.512161 0.512161 1.0
0.512161 0.512161 0.512161 1.0
0.512161 0.512161 0.512161 1.0
0.512161 0.512161 0.512161 1.0
0.512161 0.512161 0.512161 1.0
0.512161 0.512161 0.512161 1.0
0.512161 0.512161 0.512161 1.0
0.512161 0.512161 0.512161 1.0
0.512161 0.512161 0.512161 1.0
0.512161 0.512161 0.512161 1.0
0.512161 0.512161 0.512161 1.0
0.512161 0.512161 0.512161 1.0
0.512161 0.512161 0.512161 1.0
0.512161 0.512161 0.512161 1.0
0.512161 0.512161 0.512161 1.0
0.512161 0.512161 0.512161 1.0
0.512161 0.512161 0.512161 1.0
0.512161 0.512161 0.512161 1.0
0.512161 0.512161 0.512161 1.0
0.512161 0.512161 0.512161 1.0
0.512161 0.512161 0.512161 1.0
0.512161 0.512161 0.512161 1.0
0.512161 0.512161 0.512161 1.0
0.512161 0.512161 0.512161 1.0
0.512161 0.512161 0.512161 1.0
0.512161 0.512161 0.512161 1.0
0.512161 0.512161 0.512161 1.0
0.512161 0.512161 0.512161 1.0
0.512161 0.512161 0.512161 1.0
0.512161 0.512161 0.512161 1.0
0.512161 0.512161 0.512161 1.0
0.512161 0.512161 0.512161 1.0
0.512161 0.512161 0.512161 1.0
0.512161 0.512161 0.512161 1.0
0.512161 0.512161 0.512161 1.0
0.512161 0.512161 0.512161 1.0
0.512161 0.512161 0.512161 1.0
0.512161 0.512161 0.512161 1.0
0.512161 0.512161 0.512161 1.0
0.512161 0.512161 0.512161 1.0
0.512161 0.512161 0.512161 1.0
0.512161 0.512161 0.512161 1.0
0.512161 0.512161 0.512161 1.0
0.512161 0.512161 0.512161 1.0
0.512161 0.512161 0.512161 1.0
0.512161 0.512161 0.512161 1.0
0.512161 0.512161 0.512161 1.0
0.512161 0.512161 0.512161 1.0
0.512161 0.512161 0.512161 1.0
0.512161 0.512161 0.512161 1.0
0.512161 0.512161 0.512161 1.0
0.512161 0.512161 0.512161 1.0
0.512161 0.512161 0.512161 1.0
0.512161 0.512161 0.512161 1.0
0.512161 0.512161 0.512161 1.0
0.512161 0.512161 0.512161 1.0
0.512161 0.512161 0.512161 1.0
0.512161 0.512161 0.512161 1.0
0.512161 0.512161 0.512161 1.0
0.512161 0.512161 0.512161 1.0
0.512161 0.512161 0.512161 1.0
0.512161 0.512161 0.512161 1.0
0.512161 0.512161 0.512161 1.0
0.512161 0.512161 0.512161 1.0
0.512161 0.512161 0.512161 1.0
0.503965 0.259348 0.02524 1.0
0.503965 0.259348 0.02524 1.0
0.503965 0.259348 0.02524 1.0
0.503965 0.259348 0.02524 1.0
0.503965 0.259348 0.02524 1.0
0.503965 0.259348 0.02524 1.0
0.503965 0.259348 0.02524 1.0
0.503965 0.259348 0.02524 1.0
0.503965 0.259348 0.02524 1.0
0.503965 0.259348 0.02524 1.0
0.503965 0.259348 0.02524 1.0
0.503965 0.259348 0.02524 1.0
0.503965 0.259348 0.02524 1.0
0.503965 0.259348 0.02524 1.0
0.503965 0.259348 0.02524 1.0
0.503965 0.259348 0.02524 1.0
0.503965 0.259348 0.02524 1.0
0.503965 0.259348 0.02524 1.0
0.503965 0.259348 0.02524 1.0
0.503965 0.259348 0.02524 1.0
0.503965 0.259348 0.02524 1.0
0.503965 0.259348 0.02524 1.0
0.503965 0.259348 0.02524 1.0
0.503965 0.259348 0.02524 1.0
0.503965 0.259348 0.02524 1.0
0.503965 0.259348 0.02524 1.0
0.503965 0.259348 0.02524 1.0
0.503965 0.259348 0.02524 1.0
0.503965 0.259348 0.02524 1.0
0.503965 0.259348 0.02524 1.0
0.503965 0.259348 0.02524 1.0
0.503965 0.259348 0.02524 1.0
0.503965 0.259348 0.02524 1.0
0.503965 0.259348 0.02524 1.0
0.503965 0.259348 0.02524 1.0
0.503965 0.259348 0.02524 1.0
0.503965 0.259348 0.02524 1.0
0.503965 0.259348 0.02524 1.0
0.503965 0.259348 0.02524 1.0
0.503965 0.259348 0.02524 1.0
0.503965 0.259348 0.02524 1.0
0.503965 0.259348 0.02524 1.0
0.503965 0.259348 0.02524 1.0
0.503965 0.259348 0.02524 1.0
0.503965 0.259348 0.02524 1.0
0.503965 0.259348 0.02524 1.0
0.503965 0.259348 0.02524 1.0
0.503965 0.259348 0.02524 1.0
0.503965 0.259348 0.02524 1.0
0.503965 0.259348 0.02524 1.0
0.503965 0.259348 0.02524 1.0
0.503965 0.259348 0.02524 1.0
0.503965 0.259348 0.02524 1.0
0.503965 0.259348 0.02524 1.0
0.503965 0.259348 0.02524 1.0
0.503965 0.259348 0.02524 1.0
0.503965 0.259348 0.02524 1.0
0.503965 0.259348 0.02524 1.0
0.503965 0.259348 0.02524 1.0
0.503965 0.259348 0.02524 1.0
0.503965 0.259348 0.02524 1.0
0.503965 0.259348 0.02524 1.0
0.503965 0.259348 0.02524 1.0
0.503965 0.259348 0.02524 1.0
0.503965 0.259348 0.02524 1.0
0.503965 0.259348 0.02524 1.0
0.503965 0.259348 0.02524 1.0
0.503965 0.259348 0.02524 1.0
0.503965 0.259348 0.02524 1.0
0.503965 0.259348 0.02524 1.0
0.503965 0.259348 0.02524 1.0
0.503965 0.259348 0.02524 1.0
0.503965 0.259348 0.02524 1.0
0.503965 0.259348 0.02524 1.0
0.503965 0.259348 0.02524 1.0
0.503965 0.259348 0.02524 1.0
0.503965 0.259348 0.02524 1.0
0.503965 0.259348 0.02524 1.0
0.503965 0.259348 0.02524 1.0
0.503965 0.259348 0.02524 1.0
0.503965 0.259348 0.02524 1.0
0.503965 0.259348 0.02524 1.0
0.503965 0.259348 0.02524 1.0
0.503965 0.259348 0.02524 1.0
0.503965 0.259348 0.02524 1.0
0.503965 0.259348 0.02524 1.0
0.503965 0.259348 0.02524 1.0
0.503965 0.259348 0.02524 1.0
0.503965 0.259348 0.02524 1.0
0.503965 0.259348 0.02524 1.0
0.411569 0.151109 0.030486 1.0
0.411569 0.151109 0.030486 1.0
0.411569 0.151109 0.030486 1.0
0.411569 0.151109 0.030486 1.0
0.411569 0.151109 0.030486 1.0
0.411569 0.151109 0.030486 1.0
0.411569 0.151109 0.030486 1.0
0.411569 0.151109 0.030486 1.0
0.411569 0.151109 0.030486 1.0
0.411569 0.151109 0.030486 1.0
0.411569 0.151109 0.030486 1.0
0.411569 0.151109 0.030486 1.0
0.411569 0.151109 0.030486 1.0
0.411569 0.151109 0.030486 1.0
0.411569 0.151109 0.030486 1.0
0.411569 0.151109 0.030486 1.0
0.411569 0.151109 0.030486 1.0
0.411569 0.151109 0.030486 1.0
0.411569 0.151109 0.030486 1.0
0.411569 0.151109 0.030486 1.0
0.411569 0.151109 0.030486 1.0
0.411569 0.151109 0.030486 1.0
0.411569 0.151109 0.030486 1.0
0.411569 0.151109 0.030486 1.0
0.411569 0.151109 0.030486 1.0
0.411569 0.151109 0.030486 1.0
0.411569 0.151109 0.030486 1.0
0.411569 0.151109 0.030486 1.0
0.411569 0.151109 0.030486 1.0
0.411569 0.151109 0.030486 1.0
0.411569 0.151109 0.030486 1.0
0.411569 0.151109 0.030486 1.0
0.411569 0.151109 0.030486 1.0
0.411569 0.151109 0.030486 1.0
0.411569 0.151109 0.030486 1.0
0.411569 0.151109 0.030486 1.0
0.411569 0.151109 0.030486 1.0
0.411569 0.151109 0.030486 1.0
0.411569 0.151109 0.030486 1.0
0.411569 0.151109 0.030486 1.0
0.411569 0.151109 0.030486 1.0
0.411569 0.151109 0.030486 1.0
0.411569 0.151109 0.030486 1.0
0.411569 0.151109 0.030486 1.0
0.411569 0.151109 0.030486 1.0
0.411569 0.151109 0.030486 1.0
0.411569 0.151109 0.030486 1.0
0.411569 0.151109 0.030486 1.0
0.66395 0.672774 0.860174 1.0
0.66395 0.672774 0.860174 1.0
0.66395 0.672774 0.860174 1.0
0.66395 0.672774 0.860174 1.0
0.66395 0.672774 0.860174 1.0
0.66395 0.672774 0.860174 1.0
0.66395 0.672774 0.860174 1.0
0.66395 0.672774 0.860174 1.0
0.66395 0.672774 0.860174 1.0
0.66395 0.672774 0.860174 1.0
0.66395 0.672774 0.860174 1.0
0.66395 0.672774 0.860174 1.0
0.66395 0.672774 0.860174 1.0
0.66395 0.672774 0.860174 1.0
0.66395 0.672774 0.860174 1.0
0.66395 0.672774 0.860174 1.0
0.66395 0.672774 0.860174 1.0
0.66395 0.672774 0.860174 1.0
0.66395 0.672774 0.860174 1.0
0.66395 0.672774 0.860174 1.0
0.66395 0.672774 0.860174 1.0
0.66395 0.672774 0.860174 1.0
0.66395 0.672774 0.860174 1.0
0.66395 0.672774 0.860174 1.0
0.66395 0.672774 0.860174 1.0
0.66395 0.672774 0.860174 1.0
0.66395 0.672774 0.860174 1.0
0.66395 0.672774 0.860174 1.0
0.66395 0.672774 0.860174 1.0
0.66395 0.672774 0.860174 1.0
0.66395 0.672774 0.860174 1.0
0.66395 0.672774 0.860174 1.0
0.66395 0.672774 0.860174 1.0
0.66395 0.672774 0.860174 1.0
0.66395 0.672774 0.860174 1.0
0.66395 0.672774 0.860174 1.0
0.66395 0.672774 0.860174 1.0
0.66395 0.672774 0.860174 1.0
0.66395 0.672774 0.860174 1.0
0.66395 0.672774 0.860174 1.0
0.66395 0.672774 0.860174 1.0
0.66395 0.672774 0.860174 1.0
0.66395 0.672774 0.860174 1.0
0.66395 0.672774 0.860174 1.0
0.66395 0.672774 0.860174 1.0
0.66395 0.672774 0.860174 1.0
0.66395 0.672774 0.860174 1.0
0.66395 0.672774 0.860174 1.0
0.66395 0.672774 0.860174 1.0
0.66395 0.672774 0.860174 1.0
0.66395 0.672774 0.860174 1.0
0.66395 0.672774 0.860174 1.0
0.66395 0.672774 0.860174 1.0
0.66395 0.672774 0.860174 1.0
0.66395 0.672774 0.860174 1.0
0.66395 0.672774 0.860174 1.0
0.66395 0.672774 0.860174 1.0
0.66395 0.672774 0.860174 1.0
0.66395 0.672774 0.860174 1.0
0.66395 0.672774 0.860174 1.0
0.66395 0.672774 0.860174 1.0
0.66395 0.672774 0.860174 1.0
0.66395 0.672774 0.860174 1.0
0.66395 0.672774 0.860174 1.0
0.66395 0.672774 0.860174 1.0
0.66395 0.672774 0.860174 1.0
0.66395 0.672774 0.860174 1.0
0.66395 0.672774 0.860174 1.0
0.66395 0.672774 0.860174 1.0
0.66395 0.672774 0.860174 1.0
0.66395 0.672774 0.860174 1.0
0.66395 0.672774 0.860174 1.0
0.66395 0.672774 0.860174 1.0
0.66395 0.672774 0.860174 1.0
0.66395 0.672774 0.860174 1.0
0.66395 0.672774 0.860174 1.0
0.66395 0.672774 0.860174 1.0
0.66395 0.672774 0.860174 1.0
0.66395 0.672774 0.860174 1.0
0.66395 0.672774 0.860174 1.0
0.66395 0.672774 0.860174 1.0
0.66395 0.672774 0.860174 1.0
0.66395 0.672774 0.860174 1.0
0.66395 0.672774 0.860174 1.0
0.66395 0.672774 0.860174 1.0
0.66395 0.672774 0.860174 1.0
0.66395 0.672774 0.860174 1.0
0.66395 0.672774 0.860174 1.0
0.66395 0.672774 0.860174 1.0
0.66395 0.672774 0.860174 1.0
0.66395 0.672774 0.860174 1.0
0.66395 0.672774 0.860174 1.0
0.66395 0.672774 0.860174 1.0
0.66395 0.672774 0.860174 1.0
0.66395 0.672774 0.860174 1.0
0.66395 0.672774 0.860174 1.0
0.66395 0.672774 0.860174 1.0
0.66395 0.672774 0.860174 1.0
0.66395 0.672774 0.860174 1.0
0.66395 0.672774 0.860174 1.0
0.66395 0.672774 0.860174 1.0
0.66395 0.672774 0.860174 1.0
0.66395 0.672774 0.860174 1.0
0.66395 0.672774 0.860174 1.0
0.66395 0.672774 0.860174 1.0
0.66395 0.672774 0.860174 1.0
0.66395 0.672774 0.860174 1.0
0.66395 0.672774 0.860174 1.0
0.66395 0.672774 0.860174 1.0
0.66395 0.672774 0.860174 1.0
0.66395 0.672774 0.860174 1.0
0.66395 0.672774 0.860174 1.0
0.66395 0.672774 0.860174 1.0
0.66395 0.672774 0.860174 1.0
0.66395 0.672774 0.860174 1.0
0.66395 0.672774 0.860174 1.0
0.66395 0.672774 0.860174 1.0
0.66395 0.672774 0.860174 1.0
0.66395 0.672774 0.860174 1.0
0.66395 0.672774 0.860174 1.0
0.66395 0.672774 0.860174 1.0
0.66395 0.672774 0.860174 1.0
0.66395 0.672774 0.860174 1.0
0.66395 0.672774 0.860174 1.0
0.66395 0.672774 0.860174 1.0
0.66395 0.672774 0.860174 1.0
0.66395 0.672774 0.860174 1.0
0.66395 0.672774 0.860174 1.0
0.66395 0.672774 0.860174 1.0
0.66395 0.672774 0.860174 1.0
0.66395 0.672774 0.860174 1.0
0.66395 0.672774 0.860174 1.0
0.66395 0.672774 0.860174 1.0
0.66395 0.672774 0.860174 1.0
0.66395 0.672774 0.860174 1.0
0.66395 0.672774 0.860174 1.0
0.66395 0.672774 0.860174 1.0
0.66395 0.672774 0.860174 1.0
0.66395 0.672774 0.860174 1.0
0.66395 0.672774 0.860174 1.0
0.66395 0.672774 0.860174 1.0
0.66395 0.672774 0.860174 1.0
0.66395 0.672774 0.860174 1.0
0.66395 0.672774 0.860174 1.0
0.66395 0.672774 0.860174 1.0
0.66395 0.672774 0.860174 1.0
0.66395 0.672774 0.860174 1.0
0.66395 0.672774 0.860174 1.0
0.66395 0.672774 0.860174 1.0
0.66395 0.672774 0.860174 1.0
0.66395 0.672774 0.860174 1.0
0.66395 0.672774 0.860174 1.0
0.66395 0.672774 0.860174 1.0
0.66395 0.672774 0.860174 1.0
0.66395 0.672774 0.860174 1.0
0.66395 0.672774 0.860174 1.0
0.66395 0.672774 0.860174 1.0
0.66395 0.672774 0.860174 1.0
0.66395 0.672774 0.860174 1.0
0.66395 0.672774 0.860174 1.0
0.66395 0.672774 0.860174 1.0
0.66395 0.672774 0.860174 1.0
0.66395 0.672774 0.860174 1.0
0.66395 0.672774 0.860174 1.0
0.905415 0.848228 0.689556 1.0
0.905415 0.848228 0.689556 1.0
0.905415 0.848228 0.689556 1.0
0.905415 0.848228 0.689556 1.0
0.905415 0.848228 0.689556 1.0
0.905415 0.848228 0.689556 1.0
0.905415 0.848228 0.689556 1.0
0.905415 0.848228 0.689556 1.0
0.905415 0.848228 0.689556 1.0
0.905415 0.848228 0.689556 1.0
0.905415 0.848228 0.689556 1.0
0.905415 0.848228 0.689556 1.0
0.905415 0.848228 0.689556 1.0
0.905415 0.848228 0.689556 1.0
0.905415 0.848228 0.689556 1.0
0.905415 0.848228 0.689556 1.0
0.905415 0.848228 0.689556 1.0
0.905415 0.848228 0.689556 1.0
0.905415 0.848228 0.689556 1.0
0.905415 0.848228 0.689556 1.0
0.905415 0.848228 0.689556 1.0
0.905415 0.848228 0.689556 1.0
0.905415 0.848228 0.689556 1.0
0.905415 0.848228 0.689556 1.0
0.905415 0.848228 0.689556 1.0
0.905415 0.848228 0.689556 1.0
0.905415 0.848228 0.689556 1.0
0.905415 0.848228 0.689556 1.0
0.905415 0.848228 0.689556 1.0
0.905415 0.848228 0.689556 1.0
0.905415 0.848228 0.689556 1.0
0.905415 0.848228 0.689556 1.0
0.905415 0.848228 0.689556 1.0
0.905415 0.848228 0.689556 1.0
0.905415 0.848228 0.689556 1.0
0.905415 0.848228 0.689556 1.0
0.905415 0.848228 0.689556 1.0
0.905415 0.848228 0.689556 1.0
0.905415 0.848228 0.689556 1.0
0.905415 0.848228 0.689556 1.0
0.905415 0.848228 0.689556 1.0
0.905415 0.848228 0.689556 1.0
0.905415 0.848228 0.689556 1.0
0.905415 0.848228 0.689556 1.0
0.905415 0.848228 0.689556 1.0
0.905415 0.848228 0.689556 1.0
0.905415 0.848228 0.689556 1.0
0.905415 0.848228 0.689556 1.0
0.905415 0.848228 0.689556 1.0
0.905415 0.848228 0.689556 1.0
0.905415 0.848228 0.689556 1.0
0.905415 0.848228 0.689556 1.0
0.905415 0.848228 0.689556 1.0
0.905415 0.848228 0.689556 1.0
0.905415 0.848228 0.689556 1.0
0.905415 0.848228 0.689556 1.0
0.905415 0.848228 0.689556 1.0
0.905415 0.848228 0.689556 1.0
0.905415 0.848228 0.689556 1.0
0.905415 0.848228 0.689556 1.0
0.905415 0.848228 0.689556 1.0
0.905415 0.848228 0.689556 1.0
0.905415 0.848228 0.689556 1.0
0.905415 0.848228 0.689556 1.0
0.905415 0.848228 0.689556 1.0
0.905415 0.848228 0.689556 1.0
0.905415 0.848228 0.689556 1.0
0.905415 0.848228 0.689556 1.0
0.905415 0.848228 0.689556 1.0
0.905415 0.848228 0.689556 1.0
0.905415 0.848228 0.689556 1.0
0.905415 0.848228 0.689556 1.0
0.905415 0.848228 0.689556 1.0
0.905415 0.848228 0.689556 1.0
0.905415 0.848228 0.689556 1.0
0.905415 0.848228 0.689556 1.0
0.905415 0.848228 0.689556 1.0
0.905415 0.848228 0.689556 1.0
0.905415 0.848228 0.689556 1.0
0.905415 0.848228 0.689556 1.0
0.905415 0.848228 0.689556 1.0
0.905415 0.848228 0.689556 1.0
0.905415 0.848228 0.689556 1.0
0.905415 0.848228 0.689556 1.0
0.905415 0.848228 0.689556 1.0
0.905415 0.848228 0.689556 1.0
0.905415 0.848228 0.689556 1.0
0.905415 0.848228 0.689556 1.0
0.905415 0.848228 0.689556 1.0
0.905415 0.848228 0.689556 1.0
0.905415 0.848228 0.689556 1.0
0.905415 0.848228 0.689556 1.0
0.905415 0.848228 0.689556 1.0
0.905415 0.848228 0.689556 1.0
0.905415 0.848228 0.689556 1.0
0.905415 0.848228 0.689556 1.0
0.905415 0.848228 0.689556 1.0
0.905415 0.848228 0.689556 1.0
0.905415 0.848228 0.689556 1.0
0.905415 0.848228 0.689556 1.0
0.905415 0.848228 0.689556 1.0
0.905415 0.848228 0.689556 1.0
0.905415 0.848228 0.689556 1.0
0.905415 0.848228 0.689556 1.0
0.905415 0.848228 0.689556 1.0
0.905415 0.848228 0.689556 1.0
0.905415 0.848228 0.689556 1.0
0.905415 0.848228 0.689556 1.0
0.905415 0.848228 0.689556 1.0
0.905415 0.848228 0.689556 1.0
0.905415 0.848228 0.689556 1.0
0.905415 0.848228 0.689556 1.0
0.905415 0.848228 0.689556 1.0
0.905415 0.848228 0.689556 1.0
0.905415 0.848228 0.689556 1.0
0.905415 0.848228 0.689556 1.0
0.905415 0.848228 0.689556 1.0
0.905415 0.848228 0.689556 1.0
0.905415 0.848228 0.689556 1.0
0.905415 0.848228 0.689556 1.0
0.905415 0.848228 0.689556 1.0
0.905415 0.848228 0.689556 1.0
0.905415 0.848228 0.689556 1.0
0.905415 0.848228 0.689556 1.0
0.905415 0.848228 0.689556 1.0
0.905415 0.848228 0.689556 1.0
0.905415 0.848228 0.689556 1.0
0.905415 0.848228 0.689556 1.0
0.905415 0.848228 0.689556 1.0
0.905415 0.848228 0.689556 1.0
0.905415 0.848228 0.689556 1.0
0.905415 0.848228 0.689556 1.0
0.905415 0.848228 0.689556 1.0
0.905415 0.848228 0.689556 1.0
0.905415 0.848228 0.689556 1.0
0.905415 0.848228 0.689556 1.0
0.905415 0.848228 0.689556 1.0
0.905415 0.848228 0.689556 1.0
0.905415 0.848228 0.689556 1.0
0.905415 0.848228 0.689556 1.0
0.905415 0.848228 0.689556 1.0
0.905415 0.848228 0.689556 1.0
0.905415 0.848228 0.689556 1.0
0.905415 0.848228 0.689556 1.0
0.905415 0.848228 0.689556 1.0
0.905415 0.848228 0.689556 1.0
0.905415 0.848228 0.689556 1.0
0.905415 0.848228 0.689556 1.0
0.905415 0.848228 0.689556 1.0
0.905415 0.848228 0.689556 1.0
0.905415 0.848228 0.689556 1.0
0.905415 0.848228 0.689556 1.0
0.298932 0.018146 0.005786 1.0
0.298932 0.018146 0.005786 1.0
0.298932 0.018146 0.005786 1.0
0.298932 0.018146 0.005786 1.0
0.298932 0.018146 0.005786 1.0
0.298932 0.018146 0.005786 1.0
0.298932 0.018146 0.005786 1.0
0.298932 0.018146 0.005786 1.0
0.298932 0.018146 0.005786 1.0
0.298932 0.018146 0.005786 1.0
0.298932 0.018146 0.005786 1.0
0.298932 0.018146 0.005786 1.0
0.298932 0.018146 0.005786 1.0
0.298932 0.018146 0.005786 1.0
0.298932 0.018146 0.005786 1.0
0.298932 0.018146 0.005786 1.0
0.298932 0.018146 0.005786 1.0
0.298932 0.018146 0.005786 1.0
0.298932 0.018146 0.005786 1.0
0.298932 0.018146 0.005786 1.0
0.298932 0.018146 0.005786 1.0
0.298932 0.018146 0.005786 1.0
0.298932 0.018146 0.005786 1.0
0.298932 0.018146 0.005786 1.0

3 2 1
3 1 0
7 6 5
7 5 4
11 10 9
11 9 8
15 14 13
15 13 12
19 18 17
19 17 16
23 22 21
23 21 20
27 26 25
27 25 24
31 30 29
31 29 28
35 34 33
35 33 32
39 38 37
39 37 36
43 42 41
43 41 40
47 46 45
47 45 44
50 49 48
53 52 51
57 56 55
57 55 54
61 60 59
61 59 58
65 64 63
65 63 62
69 68 67
69 67 66
73 72 71
73 71 70
77 76 75
77 75 74
81 80 79
81 79 78
85 84 83
85 83 82
89 88 87
89 87 86
93 92 91
93 91 90
97 96 95
97 95 94
101 100 99
101 99 98
105 104 103
105 103 102
109 108 107
109 107 106
113 112 111
113 111 110
117 116 115
117 115 114
121 120 119
121 119 118
125 124 123
125 123 122
129 128 127
129 127 126
133 132 131
133 131 130
136 135 134
139 138 137
143 142 141
143 141 140
147 146 145
147 145 144
151 150 149
151 149 148
155 154 153
155 153 152
159 158 157
159 157 156
163 162 161
163 161 160
167 166 165
167 165 164
171 170 169
171 169 168
175 174 173
175 173 172
179 178 177
179 177 176
183 182 181
183 181 180
187 186 185
187 185 184
191 190 189
191 189 188
195 194 193
195 193 192
199 198 197
199 197 196
203 202 201
203 201 200
207 206 205
207 205 204
211 210 209
211 209 208
215 214 213
215 213 212
219 218 217
219 217 216
223 222 221
223 221 220
227 226 225
227 225 224
230 229 228
234 233 232
234 232 231
238 237 236
238 236 235
242 241 240
242 240 239
246 245 244
246 244 243
250 249 248
250 248 247
254 253 252
254 252 251
258 257 256
258 256 255
261 260 259
265 264 263
265 263 262
269 268 267
269 267 266
273 272 271
273 271 270
277 276 275
277 275 274
281 280 279
281 279 278
285 284 283
285 283 282
289 288 287
289 287 286
293 292 291
293 291 290
297 296 295
297 295 294
301 300 299
301 299 298
305 304 303
305 303 302
309 308 307
309 307 306
313 312 311
313 311 310
317 316 315
317 315 314
321 320 319
321 319 318
325 324 323
325 323 322
329 328 327
329 327 326
333 332 331
333 331 330
337 336 335
337 335 334
341 340 339
341 339 338
345 344 343
345 343 342
349 348 347
349 347 346
353 352 351
353 351 350
357 356 355
357 355 354
361 360 359
361 359 358
365 364 363
365 363 362
369 368 367
369 367 366
373 372 371
373 371 370
377 376 375
377 375 374
381 380 379
381 379 378
385 384 383
385 383 382
389 388 387
389 387 386
393 392 391
393 391 390
397 396 395
397 395 394
401 400 399
401 399 398
405 404 403
405 403 402
408 407 406
411 410 409
415 414 413
415 413 412
419 418 417
419 417 416
423 422 421
423 421 420
427 426 425
427 425 424
431 430 429
431 429 428
435 434 433
435 433 432
439 438 437
439 437 436
443 442 441
443 441 440
447 446 445
447 445 444
451 450 449
451 449 448
455 454 453
455 453 452
459 458 457
459 457 456
463 462 461
463 461 460
467 466 465
467 465 464
471 470 469
471 469 468
475 474 473
475 473 472
479 478 477
479 477 476
483 482 481
483 481 480
487 486 485
487 485 484
491 490 489
491 489 488
495 494 493
495 493 492
499 498 497
499 497 496
503 502 501
503 501 500
507 506 505
507 505 504
511 510 509
511 509 508
515 514 513
515 513 512
519 518 517
519 517 516
522 521 520
525 524 523
529 528 527
529 527 526
533 532 531
533 531 530
537 536 535
537 535 534
541 540 539
541 539 538
545 544 543
545 543 542
549 548 547
549 547 546
553 552 551
553 551 550
557 556 555
557 555 554
561 560 559
561 559 558
565 564 563
565 563 562
569 568 567
569 567 566
573 572 571
573 571 570
577 576 575
577 575 574
581 580 579
581 579 578
585 584 583
585 583 582
589 588 587
589 587 586
593 592 591
593 591 590
597 596 595
597 595 594
601 600 599
601 599 598
604 603 602
607 606 605
611 610 609
611 609 608
615 614 613
615 613 612
619 618 617
619 617 616
623 622 621
623 621 620
628 627 626
628 626 625
628 625 624
632 631 630
632 630 629
637 636 635
637 635 634
637 634 633
641 640 639
641 639 638
645 644 643
645 643 642
649 648 647
649 647 646
653 652 651
653 651 650
657 656 655
657 655 654
661 660 659
661 659 658
666 665 664
666 664 663
666 663 662
671 670 669
671 669 668
671 668 667
675 674 673
675 673 672
679 678 677
679 677 676
683 682 681
683 681 680
687 686 685
687 685 684
691 690 689
691 689 688
695 694 693
695 693 692
699 698 697
699 697 696
704 703 702
704 702 701
704 701 700
708 707 706
708 706 705
713 712 711
713 711 710
713 710 709
717 716 715
717 715 714
721 720 719
721 719 718
725 724 723
725 723 722
729 728 727
729 727 726
733 732 731
733 731 730
737 736 735
737 735 734
742 741 740
742 740 739
742 739 738
747 746 745
747 745 744
747 744 743
751 750 749
751 749 748
755 754 753
755 753 752
759 758 757
759 757 756
763 762 761
763 761 760
767 766 765
767 765 764
771 770 769
771 769 768
775 774 773
775 773 772
779 778 777
779 777 776
783 782 781
783 781 780
787 786 785
787 785 784
791 790 789
791 789 788
795 794 793
795 793 792
799 798 797
799 797 796
