300 152 

-0.25 0.0 -0.132525
-0.133821 -0.0 -0.25
0.133857 0.0 -0.25
0.25 0.0 -0.134298
0.25 0.0 0.140221
0.134807 0.0 0.25
-0.25 0.0 0.25
-0.25 0.0 0.25
-0.193327 0.141296 0.219113
-0.193257 0.212395 -0.087916
-0.25 0.0 -0.132525
0.134807 0.0 0.25
0.12638 0.147926 0.207976
-0.193327 0.141296 0.219113
-0.25 0.0 0.25
0.210191 0.324678 -0.09836
0.083969 0.353583 -0.199828
-0.067068 0.352759 -0.185899
-0.043716 0.286997 0.063777
0.223038 0.288549 0.038808
0.25 0.0 -0.134298
0.210191 0.324678 -0.09836
0.223038 0.288549 0.038808
0.25 0.0 0.140221
0.210191 0.324678 -0.09836
0.25 0.0 -0.134298
0.133857 0.0 -0.25
0.083969 0.353583 -0.199828
0.12638 0.147926 0.207976
0.134807 0.0 0.25
0.25 0.0 0.140221
0.223038 0.288549 0.038808
-0.067068 0.352759 -0.185899
-0.133821 -0.0 -0.25
-0.25 0.0 -0.132525
-0.193257 0.212395 -0.087916
0.223038 0.288549 0.038808
-0.043716 0.286997 0.063777
-0.193327 0.141296 0.219113
0.12638 0.147926 0.207976
-0.043716 0.286997 0.063777
-0.067068 0.352759 -0.185899
-0.193257 0.212395 -0.087916
-0.193327 0.141296 0.219113
-0.133821 -0.0 -0.25
-0.067068 0.352759 -0.185899
0.083969 0.353583 -0.199828
0.133857 0.0 -0.25
0.067179 0.433107 -0.146346
0.065386 0.465361 -0.131354
0.106486 0.464667 -0.124945
0.108279 0.432412 -0.139937
0.108279 0.432412 -0.139937
0.106486 0.464667 -0.124945
0.05849 0.325916 0.167832
0.060283 0.293662 0.15284
0.067179 0.433107 -0.146346
0.108279 0.432412 -0.139937
0.060283 0.293662 0.15284
0.019183 0.294356 0.146431
0.106486 0.464667 -0.124945
0.065386 0.465361 -0.131354
0.01739 0.326611 0.161423
0.05849 0.325916 0.167832
0.060283 0.293662 0.15284
0.05849 0.325916 0.167832
0.01739 0.326611 0.161423
0.019183 0.294356 0.146431
0.067179 0.433107 -0.146346
0.026079 0.433801 -0.152754
0.024286 0.466056 -0.137762
0.065386 0.465361 -0.131354
0.026079 0.433801 -0.152754
-0.021917 0.295051 0.140023
-0.02371 0.327305 0.155015
0.024286 0.466056 -0.137762
0.067179 0.433107 -0.146346
0.019183 0.294356 0.146431
-0.021917 0.295051 0.140023
0.026079 0.433801 -0.152754
0.024286 0.466056 -0.137762
-0.02371 0.327305 0.155015
0.01739 0.326611 0.161423
0.065386 0.465361 -0.131354
-0.021917 0.295051 0.140023
0.019183 0.294356 0.146431
0.01739 0.326611 0.161423
-0.02371 0.327305 0.155015
0.098477 0.439072 -0.121808
0.054291 0.311334 0.14773
0.049001 0.3303 0.155851
0.093187 0.458038 -0.113687
0.307059 0.475264 -0.070463
0.301769 0.49423 -0.062342
0.257582 0.366492 0.207197
0.262873 0.347526 0.199076
0.049001 0.3303 0.155851
0.054291 0.311334 0.14773
0.262873 0.347526 0.199076
0.257582 0.366492 0.207197
0.054291 0.311334 0.14773
0.098477 0.439072 -0.121808
0.307059 0.475264 -0.070463
0.262873 0.347526 0.199076
0.093187 0.458038 -0.113687
0.049001 0.3303 0.155851
0.257582 0.366492 0.207197
0.301769 0.49423 -0.062342
0.098477 0.439072 -0.121808
0.093187 0.458038 -0.113687
0.301769 0.49423 -0.062342
0.307059 0.475264 -0.070463
0.030111 0.440227 -0.132468
0.033301 0.45905 -0.123025
-0.010885 0.331312 0.146514
-0.014075 0.312489 0.13707
-0.182889 0.483542 -0.146858
-0.227075 0.355805 0.12268
-0.223886 0.374627 0.132124
-0.179699 0.502365 -0.137415
-0.010885 0.331312 0.146514
-0.223886 0.374627 0.132124
-0.227075 0.355805 0.12268
-0.014075 0.312489 0.13707
-0.014075 0.312489 0.13707
-0.227075 0.355805 0.12268
-0.182889 0.483542 -0.146858
0.030111 0.440227 -0.132468
0.033301 0.45905 -0.123025
-0.179699 0.502365 -0.137415
-0.223886 0.374627 0.132124
-0.010885 0.331312 0.146514
0.030111 0.440227 -0.132468
-0.182889 0.483542 -0.146858
-0.179699 0.502365 -0.137415
0.033301 0.45905 -0.123025
-0.051635 0.488338 -0.073624
-0.094561 0.455407 -0.007906
-0.093479 0.453344 -0.003337
-0.044387 0.489101 -0.074398
-0.060478 0.490064 -0.078393
-0.047987 0.450793 0.007589
-0.044498 0.453995 0.001118
-0.053604 0.488297 -0.073769
-0.021509 0.480825 -0.053856
-0.099889 0.456809 -0.01156
-0.096161 0.455858 -0.009067
-0.023413 0.477853 -0.04769
-0.022323 0.477163 -0.046076
-0.106832 0.476721 -0.05523
-0.101033 0.47484 -0.050489
-0.015804 0.474905 -0.040438
-0.034163 0.455012 0.000165
-0.096272 0.478586 -0.057979
-0.105648 0.479279 -0.060592
-0.043371 0.455703 -0.002422
-0.102918 0.425637 0.055144
-0.077479 0.44284 0.021173
-0.101299 0.433139 0.039196
-0.116149 0.421051 0.063428
-0.079849 0.436397 0.034752
-0.061799 0.438952 0.031413
-0.096379 0.439352 0.026418
-0.120927 0.435417 0.03195
-0.038031 0.39838 0.121544
-0.038511 0.401753 0.114231
-0.071726 0.404398 0.104567
-0.092043 0.398248 0.115369
-0.063186 0.41341 0.086201
-0.066197 0.419211 0.07336
-0.086896 0.403389 0.104924
-0.082426 0.395109 0.123274
-0.030726 0.411222 0.094788
-0.032103 0.4175 0.081117
-0.054264 0.3983 0.119775
-0.049976 0.395443 0.126436
0.131495 0.475895 -0.024955
0.132139 0.495225 -0.066465
0.123269 0.482122 -0.039336
0.125532 0.469243 -0.011356
0.177059 0.442216 0.052952
0.161761 0.423326 0.091763
0.179824 0.434974 0.068863
0.187562 0.447929 0.041916
0.101808 0.386067 0.164757
0.109544 0.403823 0.127481
0.106744 0.414069 0.105101
0.099168 0.39494 0.145351
0.158924 0.396859 0.148367
0.176974 0.399414 0.145028
0.142394 0.399814 0.140033
0.117846 0.395879 0.145565
0.151431 0.402462 0.135417
0.144116 0.409303 0.119824
0.145794 0.394669 0.151508
0.156817 0.385498 0.172558
0.113859 0.436791 0.057068
0.09661 0.433168 0.062798
0.131504 0.434955 0.063127
0.154802 0.440329 0.05435
0.167819 0.486376 -0.043161
0.157255 0.492307 -0.057185
0.165862 0.478428 -0.026296
0.181242 0.47058 -0.007572
0.173135 0.476142 -0.020508
0.169292 0.468326 -0.00415
0.188045 0.481603 -0.030473
0.192281 0.492382 -0.053157
0.104096 0.519097 0.138361
0.1442 0.527202 0.130407
0.065937 0.529365 0.123663
0.011518 0.516803 0.136392
0.085647 0.537995 0.114
0.067263 0.561026 0.084523
0.075012 0.512094 0.145522
0.102405 0.481189 0.185218
0.198533 0.57388 0.06166
0.17359 0.597662 0.042533
0.19795 0.53955 0.081926
0.23391 0.508297 0.1077
0.214318 0.530873 0.090363
0.209697 0.496815 0.109656
0.243348 0.556532 0.080957
0.247475 0.603334 0.053998
-0.073476 0.560535 0.057373
-0.141073 0.579893 0.053229
-0.097097 0.567546 0.068947
-0.051469 0.554401 0.067588
-0.120183 0.573724 0.044673
-0.139047 0.578754 0.023903
-0.118871 0.573893 0.073476
-0.091827 0.566637 0.100874
0.036643 0.598659 0.028341
0.033608 0.609671 0.018844
-0.027885 0.607353 0.001694
-0.060501 0.580199 0.012753
-0.01831 0.640056 -0.020781
-0.027464 0.658269 -0.037764
-0.054543 0.598949 1.2e-05
-0.041168 0.573008 0.024303
0.041529 0.643641 -0.005126
0.035011 0.663979 -0.022948
0.007472 0.592978 0.023768
0.017031 0.584943 0.032962
0.075823 0.487594 -0.095971
0.061019 0.453455 -0.114576
0.019084 0.332228 0.141226
0.033889 0.366366 0.159832
0.075823 0.487594 -0.095971
0.033889 0.366366 0.159832
0.068972 0.379649 0.171878
0.110906 0.500876 -0.083924
0.110906 0.500876 -0.083924
0.068972 0.379649 0.171878
0.188202 0.376709 0.190031
0.230136 0.497937 -0.065772
0.032904 0.482835 -0.105262
-0.009031 0.361607 0.150541
0.01792 0.331486 0.140684
0.059854 0.452714 -0.115118
0.032904 0.482835 -0.105262
-0.127575 0.501734 -0.122613
-0.16951 0.380507 0.13319
-0.009031 0.361607 0.150541
0.088944 0.481888 -0.096524
0.065294 0.452622 -0.11427
0.023359 0.331394 0.141532
0.047009 0.36066 0.159279
0.088944 0.481888 -0.096524
0.047009 0.36066 0.159279
0.205687 0.374167 0.191692
0.247621 0.495395 -0.06411
0.019678 0.47308 -0.112053
-0.022256 0.351852 0.143749
0.013695 0.331275 0.139892
0.055629 0.452503 -0.115911
0.019678 0.47308 -0.112053
-0.145424 0.49824 -0.127195
-0.187358 0.377012 0.128608
-0.022256 0.351852 0.143749
0.103279 0.471667 -0.099017
0.06955 0.452268 -0.11374
0.027616 0.33104 0.142062
0.061345 0.350439 0.156785
0.103279 0.471667 -0.099017
0.061345 0.350439 0.156785
0.223958 0.370063 0.192742
0.265892 0.49129 -0.06306
0.045414 0.488107 -0.100712
0.003479 0.36688 0.15509
0.02211 0.332176 0.141698
0.064044 0.453404 -0.114104
0.045414 0.488107 -0.100712
0.008787 0.502602 -0.099847
-0.033147 0.381374 0.155955
0.003479 0.36688 0.15509
0.008787 0.502602 -0.099847
-0.11034 0.50369 -0.118861
-0.152275 0.382462 0.136942
-0.033147 0.381374 0.155955

no_normals
0.125 0.558737
0.183089 0.5
0.316929 0.5
0.375 0.557851
0.375 0.695111
0.317403 0.75
0.125 0.75
0.375 0.0
0.513641 0.0
0.539169 0.18182
0.375 0.191263
0.375 0.807597
0.51809 0.8168
0.513641 1.0
0.375 1.0
0.625 0.575859
0.700712 0.5
0.79953 0.5
0.799551 0.668896
0.625 0.668649
0.375 0.557851
0.625 0.575859
0.625 0.668649
0.375 0.695111
0.625 0.575859
0.375 0.557851
0.375 0.441929
0.625 0.424288
0.51809 0.8168
0.375 0.807597
0.375 0.695111
0.625 0.668649
0.625 0.32547
0.375 0.308089
0.375 0.191263
0.539169 0.18182
0.625 0.75
0.625 0.924551
0.513641 1.0
0.51809 0.8168
0.625 0.081104
0.625 0.25
0.539169 0.18182
0.513641 0.0
0.375 0.308089
0.625 0.32547
0.625 0.424288
0.375 0.441929
0.375 0.375
0.625 0.375
0.625 0.5
0.375 0.5
0.375 0.5
0.625 0.5
0.625 0.75
0.375 0.75
0.25 0.5
0.375 0.5
0.375 0.75
0.25 0.75
0.625 0.5
0.75 0.5
0.75 0.75
0.625 0.75
0.375 0.75
0.625 0.75
0.625 0.875
0.375 0.875
0.375 0.375
0.375 0.5
0.625 0.5
0.625 0.375
0.375 0.5
0.375 0.75
0.625 0.75
0.625 0.5
0.25 0.5
0.25 0.75
0.375 0.75
0.375 0.5
0.625 0.5
0.625 0.75
0.75 0.75
0.75 0.5
0.375 0.75
0.375 0.875
0.625 0.875
0.625 0.75
0.375 0.5
0.375 0.75
0.625 0.75
0.625 0.5
0.375 0.5
0.625 0.5
0.625 0.75
0.375 0.75
0.625 0.75
0.375 0.75
0.375 0.75
0.625 0.75
0.375 0.75
0.375 0.5
0.375 0.5
0.375 0.75
0.625 0.5
0.625 0.75
0.625 0.75
0.625 0.5
0.375 0.5
0.625 0.5
0.625 0.5
0.375 0.5
0.375 0.5
0.625 0.5
0.625 0.75
0.375 0.75
0.375 0.5
0.375 0.75
0.625 0.75
0.625 0.5
0.625 0.75
0.625 0.75
0.375 0.75
0.375 0.75
0.375 0.75
0.375 0.75
0.375 0.5
0.375 0.5
0.625 0.5
0.625 0.5
0.625 0.75
0.625 0.75
0.375 0.5
0.375 0.5
0.625 0.5
0.625 0.5
0.625 0.5
0.625 0.75
0.625 0.75
0.625 0.5
0.625 0.5
0.625 0.75
0.625 0.75
0.625 0.5
0.625 0.5
0.625 0.75
0.625 0.75
0.625 0.5
0.625 0.5
0.625 0.75
0.625 0.75
0.625 0.5
0.625 0.5
0.625 0.75
0.625 0.75
0.625 0.5
0.625 0.5
0.625 0.75
0.625 0.75
0.625 0.5
0.625 0.5
0.625 0.75
0.625 0.75
0.625 0.5
0.625 0.5
0.625 0.75
0.625 0.75
0.625 0.5
0.625 0.5
0.625 0.75
0.625 0.75
0.625 0.5
0.625 0.5
0.625 0.75
0.625 0.75
0.625 0.5
0.625 0.5
0.625 0.75
0.625 0.75
0.625 0.5
0.625 0.5
0.625 0.75
0.625 0.75
0.625 0.5
0.625 0.5
0.625 0.75
0.625 0.75
0.625 0.5
0.625 0.5
0.625 0.75
0.625 0.75
0.625 0.5
0.625 0.5
0.625 0.75
0.625 0.75
0.625 0.5
0.625 0.5
0.625 0.75
0.625 0.75
0.625 0.5
0.625 0.5
0.625 0.75
0.625 0.75
0.625 0.5
0.625 0.5
0.625 0.75
0.625 0.75
0.625 0.5
0.625 0.5
0.625 0.75
0.625 0.75
0.625 0.5
0.625 0.5
0.625 0.75
0.625 0.75
0.625 0.5
0.625 0.5
0.625 0.75
0.625 0.75
0.625 0.5
0.625 0.5
0.625 0.75
0.625 0.75
0.625 0.5
0.625 0.5
0.625 0.75
0.625 0.75
0.625 0.5
0.625 0.5
0.625 0.75
0.625 0.75
0.625 0.5
0.625 0.5
0.625 0.75
0.625 0.75
0.625 0.5
0.625 0.5
0.625 0.75
0.625 0.75
0.625 0.5
0.625 0.5
0.625 0.75
0.625 0.75
0.625 0.5
0.625 0.5
0.75 0.5
0.75 0.75
0.625 0.75
0.625 0.5
0.625 0.75
0.625 0.75
0.625 0.5
0.625 0.5
0.625 0.75
0.625 0.75
0.625 0.5
0.625 0.5
0.625 0.75
0.75 0.75
0.75 0.5
0.625 0.5
0.625 0.5
0.625 0.75
0.625 0.75
0.625 0.5
0.75 0.5
0.75 0.75
0.625 0.75
0.625 0.5
0.625 0.75
0.625 0.75
0.625 0.5
0.625 0.5
0.625 0.75
0.75 0.75
0.75 0.5
0.625 0.5
0.625 0.5
0.625 0.75
0.625 0.75
0.625 0.5
0.75 0.5
0.75 0.75
0.625 0.75
0.625 0.5
0.625 0.75
0.625 0.75
0.625 0.5
0.625 0.5
0.625 0.75
0.75 0.75
0.75 0.5
0.625 0.5
0.625 0.5
0.625 0.75
0.625 0.75
0.625 0.5
0.625 0.5
0.625 0.75
0.625 0.75

0.44623 0.423548 0.528783 1.0
0.44623 0.423548 0.528783 1.0
0.44623 0.423548 0.528783 1.0
0.44623 0.423548 0.528783 1.0
0.44623 0.423548 0.528783 1.0
0.44623 0.423548 0.528783 1.0
0.44623 0.423548 0.528783 1.0
0.44623 0.423548 0.528783 1.0
0.44623 0.423548 0.528783 1.0
0.44623 0.423548 0.528783 1.0
0.44623 0.423548 0.528783 1.0
0.44623 0.423548 0.528783 1.0
0.44623 0.423548 0.528783 1.0
0.44623 0.423548 0.528783 1.0
0.44623 0.423548 0.528783 1.0
0.44623 0.423548 0.528783 1.0
0.44623 0.423548 0.528783 1.0
0.44623 0.423548 0.528783 1.0
0.44623 0.423548 0.528783 1.0
0.44623 0.423548 0.528783 1.0
0.44623 0.423548 0.528783 1.0
0.44623 0.423548 0.528783 1.0
0.44623 0.423548 0.528783 1.0
0.44623 0.423548 0.528783 1.0
0.44623 0.423548 0.528783 1.0
0.44623 0.423548 0.528783 1.0
0.44623 0.423548 0.528783 1.0
0.44623 0.423548 0.528783 1.0
0.44623 0.423548 0.528783 1.0
0.44623 0.423548 0.528783 1.0
0.44623 0.423548 0.528783 1.0
0.44623 0.423548 0.528783 1.0
0.44623 0.423548 0.528783 1.0
0.44623 0.423548 0.528783 1.0
0.44623 0.423548 0.528783 1.0
0.44623 0.423548 0.528783 1.0
0.44623 0.423548 0.528783 1.0
0.44623 0.423548 0.528783 1.0
0.44623 0.423548 0.528783 1.0
0.44623 0.423548 0.528783 1.0
0.44623 0.423548 0.528783 1.0
0.44623 0.423548 0.528783 1.0
0.44623 0.423548 0.528783 1.0
0.44623 0.423548 0.528783 1.0
0.44623 0.423548 0.528783 1.0
0.44623 0.423548 0.528783 1.0
0.44623 0.423548 0.528783 1.0
0.44623 0.423548 0.528783 1.0
0.8 0.048824 0.048824 1.0
0.8 0.048824 0.048824 1.0
0.8 0.048824 0.048824 1.0
0.8 0.048824 0.048824 1.0
0.8 0.048824 0.048824 1.0
0.8 0.048824 0.048824 1.0
0.8 0.048824 0.048824 1.0
0.8 0.048824 0.048824 1.0
0.8 0.048824 0.048824 1.0
0.8 0.048824 0.048824 1.0
0.8 0.048824 0.048824 1.0
0.8 0.048824 0.048824 1.0
0.8 0.048824 0.048824 1.0
0.8 0.048824 0.048824 1.0
0.8 0.048824 0.048824 1.0
0.8 0.048824 0.048824 1.0
0.8 0.048824 0.048824 1.0
0.8 0.048824 0.048824 1.0
0.8 0.048824 0.048824 1.0
0.8 0.048824 0.048824 1.0
0.8 0.048824 0.048824 1.0
0.8 0.048824 0.048824 1.0
0.8 0.048824 0.048824 1.0
0.8 0.048824 0.048824 1.0
0.8 0.048824 0.048824 1.0
0.8 0.048824 0.048824 1.0
0.8 0.048824 0.048824 1.0
0.8 0.048824 0.048824 1.0
0.8 0.048824 0.048824 1.0
0.8 0.048824 0.048824 1.0
0.8 0.048824 0.048824 1.0
0.8 0.048824 0.048824 1.0
0.8 0.048824 0.048824 1.0
0.8 0.048824 0.048824 1.0
0.8 0.048824 0.048824 1.0
0.8 0.048824 0.048824 1.0
0.8 0.048824 0.048824 1.0
0.8 0.048824 0.048824 1.0
0.8 0.048824 0.048824 1.0
0.8 0.048824 0.048824 1.0
0.8 0.556823 0.052975 1.0
0.8 0.556823 0.052975 1.0
0.8 0.556823 0.052975 1.0
0.8 0.556823 0.052975 1.0
0.8 0.556823 0.052975 1.0
0.8 0.556823 0.052975 1.0
0.8 0.556823 0.052975 1.0
0.8 0.556823 0.052975 1.0
0.8 0.556823 0.052975 1.0
0.8 0.556823 0.052975 1.0
0.8 0.556823 0.052975 1.0
0.8 0.556823 0.052975 1.0
0.8 0.556823 0.052975 1.0
0.8 0.556823 0.052975 1.0
0.8 0.556823 0.052975 1.0
0.8 0.556823 0.052975 1.0
0.8 0.556823 0.052975 1.0
0.8 0.556823 0.052975 1.0
0.8 0.556823 0.052975 1.0
0.8 0.556823 0.052975 1.0
0.8 0.556823 0.052975 1.0
0.8 0.556823 0.052975 1.0
0.8 0.556823 0.052975 1.0
0.8 0.556823 0.052975 1.0
0.8 0.556823 0.052975 1.0
0.8 0.556823 0.052975 1.0
0.8 0.556823 0.052975 1.0
0.8 0.556823 0.052975 1.0
0.8 0.556823 0.052975 1.0
0.8 0.556823 0.052975 1.0
0.8 0.556823 0.052975 1.0
0.8 0.556823 0.052975 1.0
0.8 0.556823 0.052975 1.0
0.8 0.556823 0.052975 1.0
0.8 0.556823 0.052975 1.0
0.8 0.556823 0.052975 1.0
0.8 0.556823 0.052975 1.0
0.8 0.556823 0.052975 1.0
0.8 0.556823 0.052975 1.0
0.8 0.556823 0.052975 1.0
0.8 0.556823 0.052975 1.0
0.8 0.556823 0.052975 1.0
0.8 0.556823 0.052975 1.0
0.8 0.556823 0.052975 1.0
0.8 0.556823 0.052975 1.0
0.8 0.556823 0.052975 1.0
0.8 0.556823 0.052975 1.0
0.8 0.556823 0.052975 1.0
0.101073 0.107719 0.137406 1.0
0.101073 0.107719 0.137406 1.0
0.101073 0.107719 0.137406 1.0
0.101073 0.107719 0.137406 1.0
0.101073 0.107719 0.137406 1.0
0.101073 0.107719 0.137406 1.0
0.101073 0.107719 0.137406 1.0
0.101073 0.107719 0.137406 1.0
0.101073 0.107719 0.137406 1.0
0.101073 0.107719 0.137406 1.0
0.101073 0.107719 0.137406 1.0
0.101073 0.107719 0.137406 1.0
0.101073 0.107719 0.137406 1.0
0.101073 0.107719 0.137406 1.0
0.101073 0.107719 0.137406 1.0
0.101073 0.107719 0.137406 1.0
0.101073 0.107719 0.137406 1.0
0.101073 0.107719 0.137406 1.0
0.101073 0.107719 0.137406 1.0
0.101073 0.107719 0.137406 1.0
0.101073 0.107719 0.137406 1.0
0.101073 0.107719 0.137406 1.0
0.101073 0.107719 0.137406 1.0
0.101073 0.107719 0.137406 1.0
0.101073 0.107719 0.137406 1.0
0.101073 0.107719 0.137406 1.0
0.101073 0.107719 0.137406 1.0
0.101073 0.107719 0.137406 1.0
0.101073 0.107719 0.137406 1.0
0.101073 0.107719 0.137406 1.0
0.101073 0.107719 0.137406 1.0
0.101073 0.107719 0.137406 1.0
0.101073 0.107719 0.137406 1.0
0.101073 0.107719 0.137406 1.0
0.101073 0.107719 0.137406 1.0
0.101073 0.107719 0.137406 1.0
0.101073 0.107719 0.137406 1.0
0.101073 0.107719 0.137406 1.0
0.101073 0.107719 0.137406 1.0
0.101073 0.107719 0.137406 1.0
0.101073 0.107719 0.137406 1.0
0.101073 0.107719 0.137406 1.0
0.101073 0.107719 0.137406 1.0
0.101073 0.107719 0.137406 1.0
0.101073 0.107719 0.137406 1.0
0.101073 0.107719 0.137406 1.0
0.101073 0.107719 0.137406 1.0
0.101073 0.107719 0.137406 1.0
0.101073 0.107719 0.137406 1.0
0.101073 0.107719 0.137406 1.0
0.101073 0.107719 0.137406 1.0
0.101073 0.107719 0.137406 1.0
0.101073 0.107719 0.137406 1.0
0.101073 0.107719 0.137406 1.0
0.101073 0.107719 0.137406 1.0
0.101073 0.107719 0.137406 1.0
0.101073 0.107719 0.137406 1.0
0.101073 0.107719 0.137406 1.0
0.101073 0.107719 0.137406 1.0
0.101073 0.107719 0.137406 1.0
0.101073 0.107719 0.137406 1.0
0.101073 0.107719 0.137406 1.0
0.101073 0.107719 0.137406 1.0
0.101073 0.107719 0.137406 1.0
0.101073 0.107719 0.137406 1.0
0.101073 0.107719 0.137406 1.0
0.101073 0.107719 0.137406 1.0
0.101073 0.107719 0.137406 1.0
0.101073 0.107719 0.137406 1.0
0.101073 0.107719 0.137406 1.0
0.101073 0.107719 0.137406 1.0
0.101073 0.107719 0.137406 1.0
0.147348 0.8 0.121878 1.0
0.147348 0.8 0.121878 1.0
0.147348 0.8 0.121878 1.0
0.147348 0.8 0.121878 1.0
0.147348 0.8 0.121878 1.0
0.147348 0.8 0.121878 1.0
0.147348 0.8 0.121878 1.0
0.147348 0.8 0.121878 1.0
0.094103 0.772546 0.8 1.0
0.094103 0.772546 0.8 1.0
0.094103 0.772546 0.8 1.0
0.094103 0.772546 0.8 1.0
0.094103 0.772546 0.8 1.0
0.094103 0.772546 0.8 1.0
0.094103 0.772546 0.8 1.0
0.094103 0.772546 0.8 1.0
0.8 0.1478 0.705362 1.0
0.8 0.1478 0.705362 1.0
0.8 0.1478 0.705362 1.0
0.8 0.1478 0.705362 1.0
0.8 0.1478 0.705362 1.0
0.8 0.1478 0.705362 1.0
0.8 0.1478 0.705362 1.0
0.8 0.1478 0.705362 1.0
0.04355 0.040656 0.8 1.0
0.04355 0.040656 0.8 1.0
0.04355 0.040656 0.8 1.0
0.04355 0.040656 0.8 1.0
0.04355 0.040656 0.8 1.0
0.04355 0.040656 0.8 1.0
0.04355 0.040656 0.8 1.0
0.04355 0.040656 0.8 1.0
0.04355 0.040656 0.8 1.0
0.04355 0.040656 0.8 1.0
0.04355 0.040656 0.8 1.0
0.04355 0.040656 0.8 1.0
1.0 0.863824 0.747091 1.0
1.0 0.863824 0.747091 1.0
1.0 0.863824 0.747091 1.0
1.0 0.863824 0.747091 1.0
1.0 0.863824 0.747091 1.0
1.0 0.863824 0.747091 1.0
1.0 0.863824 0.747091 1.0
1.0 0.863824 0.747091 1.0
1.0 0.863824 0.747091 1.0
1.0 0.863824 0.747091 1.0
1.0 0.863824 0.747091 1.0
1.0 0.863824 0.747091 1.0
1.0 0.863824 0.747091 1.0
1.0 0.863824 0.747091 1.0
1.0 0.863824 0.747091 1.0
1.0 0.863824 0.747091 1.0
1.0 0.863824 0.747091 1.0
1.0 0.863824 0.747091 1.0
1.0 0.863824 0.747091 1.0
1.0 0.863824 0.747091 1.0
0.491253 0.495847 0.372587 1.0
0.491253 0.495847 0.372587 1.0
0.491253 0.495847 0.372587 1.0
0.491253 0.495847 0.372587 1.0
0.491253 0.495847 0.372587 1.0
0.491253 0.495847 0.372587 1.0
0.491253 0.495847 0.372587 1.0
0.491253 0.495847 0.372587 1.0
0.491253 0.495847 0.372587 1.0
0.491253 0.495847 0.372587 1.0
0.491253 0.495847 0.372587 1.0
0.491253 0.495847 0.372587 1.0
0.491253 0.495847 0.372587 1.0
0.491253 0.495847 0.372587 1.0
0.491253 0.495847 0.372587 1.0
0.491253 0.495847 0.372587 1.0
0.742664 0.642234 0.556085 1.0
0.742664 0.642234 0.556085 1.0
0.742664 0.642234 0.556085 1.0
0.742664 0.642234 0.556085 1.0
0.742664 0.642234 0.556085 1.0
0.742664 0.642234 0.556085 1.0
0.742664 0.642234 0.556085 1.0
0.742664 0.642234 0.556085 1.0
0.742664 0.642234 0.556085 1.0
0.742664 0.642234 0.556085 1.0
0.742664 0.642234 0.556085 1.0
0.742664 0.642234 0.556085 1.0
0.742664 0.642234 0.556085 1.0
0.742664 0.642234 0.556085 1.0
0.742664 0.642234 0.556085 1.0
0.742664 0.642234 0.556085 1.0
0.742664 0.642234 0.556085 1.0
0.742664 0.642234 0.556085 1.0
0.742664 0.642234 0.556085 1.0
0.742664 0.642234 0.556085 1.0

6 5 4
6 4 3
6 3 2
6 2 1
6 1 0
10 9 8
10 8 7
14 13 12
14 12 11
19 18 17
19 17 16
19 16 15
23 22 21
23 21 20
27 26 25
27 25 24
31 30 29
31 29 28
35 34 33
35 33 32
39 38 37
39 37 36
43 42 41
43 41 40
47 46 45
47 45 44
51 50 49
51 49 48
55 54 53
55 53 52
59 58 57
59 57 56
63 62 61
63 61 60
67 66 65
67 65 64
71 70 69
71 69 68
75 74 73
75 73 72
79 78 77
79 77 76
83 82 81
83 81 80
87 86 85
87 85 84
91 90 89
91 89 88
95 94 93
95 93 92
99 98 97
99 97 96
103 102 101
103 101 100
107 106 105
107 105 104
111 110 109
111 109 108
115 114 113
115 113 112
119 118 117
119 117 116
123 122 121
123 121 120
127 126 125
127 125 124
131 130 129
131 129 128
135 134 133
135 133 132
139 138 137
139 137 136
143 142 141
143 141 140
147 146 145
147 145 144
151 150 149
151 149 148
155 154 153
155 153 152
159 158 157
159 157 156
163 162 161
163 161 160
167 166 165
167 165 164
171 170 169
171 169 168
175 174 173
175 173 172
179 178 177
179 177 176
183 182 181
183 181 180
187 186 185
187 185 184
191 190 189
191 189 188
195 194 193
195 193 192
199 198 197
199 197 196
203 202 201
203 201 200
207 206 205
207 205 204
211 210 209
211 209 208
215 214 213
215 213 212
219 218 217
219 217 216
223 222 221
223 221 220
227 226 225
227 225 224
231 230 229
231 229 228
235 234 233
235 233 232
239 238 237
239 237 236
243 242 241
243 241 240
247 246 245
247 245 244
251 250 249
251 249 248
255 254 253
255 253 252
259 258 257
259 257 256
263 262 261
263 261 260
267 266 265
267 265 264
271 270 269
271 269 268
275 274 273
275 273 272
279 278 277
279 277 276
283 282 281
283 281 280
287 286 285
287 285 284
291 290 289
291 289 288
295 294 293
295 293 292
299 298 297
299 297 296
