192 96 

0.216506 -0.004559 -0.375
0.216506 0.299338 -0.375
0.433013 0.611835 -0.25
0.433013 -0.004559 -0.25
0.433013 -0.004559 0.0
0.433013 0.299338 0.0
0.433013 0.611835 0.25
0.433013 -0.004559 0.25
0.216506 -0.004559 0.375
0.216506 0.299338 0.375
-0.0 0.611835 0.5
-0.0 -0.004559 0.5
-0.216506 -0.004559 0.375
-0.216506 0.299338 0.375
-0.433013 0.611835 0.25
-0.433013 -0.004559 0.25
0.433013 -0.004559 0.25
0.433013 0.611835 0.25
0.216506 0.299338 0.375
0.216506 -0.004559 0.375
-0.433013 -0.004559 0.0
-0.433013 0.299338 0.0
-0.433013 0.611835 -0.25
-0.433013 -0.004559 -0.25
-0.216506 -0.004559 -0.375
-0.216506 0.299338 -0.375
0.0 0.611835 -0.5
0.0 -0.004559 -0.5
0.433013 -0.004559 -0.25
0.433013 0.611835 -0.25
0.433013 0.299338 0.0
0.433013 -0.004559 0.0
-0.0 -0.004559 0.5
-0.0 0.611835 0.5
-0.216506 0.299338 0.375
-0.216506 -0.004559 0.375
-0.433013 -0.004559 0.25
-0.433013 0.611835 0.25
-0.433013 0.299338 0.0
-0.433013 -0.004559 0.0
-0.433013 -0.004559 -0.25
-0.433013 0.611835 -0.25
-0.216506 0.299338 -0.375
-0.216506 -0.004559 -0.375
0.0 -0.004559 -0.5
0.0 0.611835 -0.5
0.216506 0.299338 -0.375
0.216506 -0.004559 -0.375
0.166507 -0.004559 -0.288397
0.333012 -0.004559 -0.192266
0.333012 0.611835 -0.192266
0.166507 0.299338 -0.288397
0.333013 -0.004559 0.0
0.333012 -0.004559 0.192266
0.333012 0.611835 0.192266
0.333013 0.299338 0.0
0.166507 -0.004559 0.288397
-0.0 -0.004559 0.38453
-0.0 0.611835 0.38453
0.166507 0.299338 0.288397
-0.166507 -0.004559 0.288397
-0.333012 -0.004559 0.192266
-0.333012 0.611835 0.192266
-0.166507 0.299338 0.288397
0.333012 -0.004559 0.192266
0.166507 -0.004559 0.288397
0.166507 0.299338 0.288397
0.333012 0.611835 0.192266
-0.333013 -0.004559 0.0
-0.333012 -0.004559 -0.192266
-0.333012 0.611835 -0.192266
-0.333013 0.299338 0.0
-0.166507 -0.004559 -0.288397
0.0 -0.004559 -0.38453
0.0 0.611835 -0.38453
-0.166507 0.299338 -0.288397
0.333012 -0.004559 -0.192266
0.333013 -0.004559 0.0
0.333013 0.299338 0.0
0.333012 0.611835 -0.192266
-0.0 -0.004559 0.38453
-0.166507 -0.004559 0.288397
-0.166507 0.299338 0.288397
-0.0 0.611835 0.38453
-0.333012 -0.004559 0.192266
-0.333013 -0.004559 0.0
-0.333013 0.299338 0.0
-0.333012 0.611835 0.192266
-0.333012 -0.004559 -0.192266
-0.166507 -0.004559 -0.288397
-0.166507 0.299338 -0.288397
-0.333012 0.611835 -0.192266
0.0 -0.004559 -0.38453
0.166507 -0.004559 -0.288397
0.166507 0.299338 -0.288397
0.0 0.611835 -0.38453
0.216506 -0.004559 -0.375
0.433013 -0.004559 -0.25
0.333012 -0.004559 -0.192266
0.166507 -0.004559 -0.288397
0.216506 0.299338 -0.375
0.0 0.611835 -0.5
0.0 0.611835 -0.38453
0.166507 0.299338 -0.288397
0.433013 -0.004559 0.0
0.433013 -0.004559 0.25
0.333012 -0.004559 0.192266
0.333013 -0.004559 0.0
0.433013 0.299338 0.0
0.433013 0.611835 -0.25
0.333012 0.611835 -0.192266
0.333013 0.299338 0.0
0.216506 -0.004559 0.375
-0.0 -0.004559 0.5
-0.0 -0.004559 0.38453
0.166507 -0.004559 0.288397
0.216506 0.299338 0.375
0.433013 0.611835 0.25
0.333012 0.611835 0.192266
0.166507 0.299338 0.288397
-0.216506 -0.004559 0.375
-0.433013 -0.004559 0.25
-0.333012 -0.004559 0.192266
-0.166507 -0.004559 0.288397
-0.216506 0.299338 0.375
-0.0 0.611835 0.5
-0.0 0.611835 0.38453
-0.166507 0.299338 0.288397
-0.433013 -0.004559 0.0
-0.433013 -0.004559 -0.25
-0.333012 -0.004559 -0.192266
-0.333013 -0.004559 0.0
-0.433013 0.299338 0.0
-0.433013 0.611835 0.25
-0.333012 0.611835 0.192266
-0.333013 0.299338 0.0
-0.216506 -0.004559 -0.375
0.0 -0.004559 -0.5
0.0 -0.004559 -0.38453
-0.166507 -0.004559 -0.288397
-0.216506 0.299338 -0.375
-0.433013 0.611835 -0.25
-0.333012 0.611835 -0.192266
-0.166507 0.299338 -0.288397
0.433013 -0.004559 -0.25
0.433013 -0.004559 0.0
0.333013 -0.004559 0.0
0.333012 -0.004559 -0.192266
0.433013 0.611835 0.25
0.433013 0.299338 0.0
0.333013 0.299338 0.0
0.333012 0.611835 0.192266
0.433013 -0.004559 0.25
0.216506 -0.004559 0.375
0.166507 -0.004559 0.288397
0.333012 -0.004559 0.192266
-0.0 0.611835 0.5
0.216506 0.299338 0.375
0.166507 0.299338 0.288397
-0.0 0.611835 0.38453
-0.0 -0.004559 0.5
-0.216506 -0.004559 0.375
-0.166507 -0.004559 0.288397
-0.0 -0.004559 0.38453
-0.433013 0.611835 0.25
-0.216506 0.299338 0.375
-0.166507 0.299338 0.288397
-0.333012 0.611835 0.192266
-0.433013 -0.004559 0.25
-0.433013 -0.004559 0.0
-0.333013 -0.004559 0.0
-0.333012 -0.004559 0.192266
-0.433013 0.611835 -0.25
-0.433013 0.299338 0.0
-0.333013 0.299338 0.0
-0.333012 0.611835 -0.192266
-0.433013 -0.004559 -0.25
-0.216506 -0.004559 -0.375
-0.166507 -0.004559 -0.288397
-0.333012 -0.004559 -0.192266
0.0 0.611835 -0.5
-0.216506 0.299338 -0.375
-0.166507 0.299338 -0.288397
0.0 0.611835 -0.38453
0.0 -0.004559 -0.5
0.216506 -0.004559 -0.375
0.166507 -0.004559 -0.288397
0.0 -0.004559 -0.38453
0.433013 0.611835 -0.25
0.216506 0.299338 -0.375
0.166507 0.299338 -0.288397
0.333012 0.611835 -0.192266

no_normals
0.916667 0.5
0.916667 1.0
0.833333 1.0
0.833333 0.5
0.75 0.5
0.75 1.0
0.666667 1.0
0.666667 0.5
0.583333 0.5
0.583333 1.0
0.5 1.0
0.5 0.5
0.416667 0.5
0.416667 1.0
0.333333 1.0
0.333333 0.5
0.666667 0.5
0.666667 1.0
0.583333 1.0
0.583333 0.5
0.25 0.5
0.25 1.0
0.166667 1.0
0.166667 0.5
0.083333 0.5
0.083333 1.0
-0.0 1.0
-0.0 0.5
0.833333 0.5
0.833333 1.0
0.75 1.0
0.75 0.5
0.5 0.5
0.5 1.0
0.416667 1.0
0.416667 0.5
0.333333 0.5
0.333333 1.0
0.25 1.0
0.25 0.5
0.166667 0.5
0.166667 1.0
0.083333 1.0
0.083333 0.5
1.0 0.5
1.0 1.0
0.916667 1.0
0.916667 0.5
0.916667 0.5
0.833333 0.5
0.833333 1.0
0.916667 1.0
0.75 0.5
0.666667 0.5
0.666667 1.0
0.75 1.0
0.583333 0.5
0.5 0.5
0.5 1.0
0.583333 1.0
0.416667 0.5
0.333333 0.5
0.333333 1.0
0.416667 1.0
0.666667 0.5
0.583333 0.5
0.583333 1.0
0.666667 1.0
0.25 0.5
0.166667 0.5
0.166667 1.0
0.25 1.0
0.083333 0.5
-0.0 0.5
-0.0 1.0
0.083333 1.0
0.833333 0.5
0.75 0.5
0.75 1.0
0.833333 1.0
0.5 0.5
0.416667 0.5
0.416667 1.0
0.5 1.0
0.333333 0.5
0.25 0.5
0.25 1.0
0.333333 1.0
0.166667 0.5
0.083333 0.5
0.083333 1.0
0.166667 1.0
1.0 0.5
0.916667 0.5
0.916667 1.0
1.0 1.0
0.916667 0.5
0.833333 0.5
0.833333 0.5
0.916667 0.5
0.916667 1.0
1.0 1.0
1.0 1.0
0.916667 1.0
0.75 0.5
0.666667 0.5
0.666667 0.5
0.75 0.5
0.75 1.0
0.833333 1.0
0.833333 1.0
0.75 1.0
0.583333 0.5
0.5 0.5
0.5 0.5
0.583333 0.5
0.583333 1.0
0.666667 1.0
0.666667 1.0
0.583333 1.0
0.416667 0.5
0.333333 0.5
0.333333 0.5
0.416667 0.5
0.416667 1.0
0.5 1.0
0.5 1.0
0.416667 1.0
0.25 0.5
0.166667 0.5
0.166667 0.5
0.25 0.5
0.25 1.0
0.333333 1.0
0.333333 1.0
0.25 1.0
0.083333 0.5
-0.0 0.5
-0.0 0.5
0.083333 0.5
0.083333 1.0
0.166667 1.0
0.166667 1.0
0.083333 1.0
0.833333 0.5
0.75 0.5
0.75 0.5
0.833333 0.5
0.666667 1.0
0.75 1.0
0.75 1.0
0.666667 1.0
0.666667 0.5
0.583333 0.5
0.583333 0.5
0.666667 0.5
0.5 1.0
0.583333 1.0
0.583333 1.0
0.5 1.0
0.5 0.5
0.416667 0.5
0.416667 0.5
0.5 0.5
0.333333 1.0
0.416667 1.0
0.416667 1.0
0.333333 1.0
0.333333 0.5
0.25 0.5
0.25 0.5
0.333333 0.5
0.166667 1.0
0.25 1.0
0.25 1.0
0.166667 1.0
0.166667 0.5
0.083333 0.5
0.083333 0.5
0.166667 0.5
-0.0 1.0
0.083333 1.0
0.083333 1.0
-0.0 1.0
1.0 0.5
0.916667 0.5
0.916667 0.5
1.0 0.5
0.833333 1.0
0.916667 1.0
0.916667 1.0
0.833333 1.0

1.0 0.909649 0.079996 1.0
1.0 0.909649 0.079996 1.0
1.0 0.909649 0.079996 1.0
1.0 0.909649 0.079996 1.0
1.0 0.909649 0.079996 1.0
1.0 0.909649 0.079996 1.0
1.0 0.909649 0.079996 1.0
1.0 0.909649 0.079996 1.0
1.0 0.909649 0.079996 1.0
1.0 0.909649 0.079996 1.0
1.0 0.909649 0.079996 1.0
1.0 0.909649 0.079996 1.0
1.0 0.909649 0.079996 1.0
1.0 0.909649 0.079996 1.0
1.0 0.909649 0.079996 1.0
1.0 0.909649 0.079996 1.0
1.0 0.909649 0.079996 1.0
1.0 0.909649 0.079996 1.0
1.0 0.909649 0.079996 1.0
1.0 0.909649 0.079996 1.0
1.0 0.909649 0.079996 1.0
1.0 0.909649 0.079996 1.0
1.0 0.909649 0.079996 1.0
1.0 0.909649 0.079996 1.0
1.0 0.909649 0.079996 1.0
1.0 0.909649 0.079996 1.0
1.0 0.909649 0.079996 1.0
1.0 0.909649 0.079996 1.0
1.0 0.909649 0.079996 1.0
1.0 0.909649 0.079996 1.0
1.0 0.909649 0.079996 1.0
1.0 0.909649 0.079996 1.0
1.0 0.909649 0.079996 1.0
1.0 0.909649 0.079996 1.0
1.0 0.909649 0.079996 1.0
1.0 0.909649 0.079996 1.0
1.0 0.909649 0.079996 1.0
1.0 0.909649 0.079996 1.0
1.0 0.909649 0.079996 1.0
1.0 0.909649 0.079996 1.0
1.0 0.909649 0.079996 1.0
1.0 0.909649 0.079996 1.0
1.0 0.909649 0.079996 1.0
1.0 0.909649 0.079996 1.0
1.0 0.909649 0.079996 1.0
1.0 0.909649 0.079996 1.0
1.0 0.909649 0.079996 1.0
1.0 0.909649 0.079996 1.0
1.0 0.909649 0.079996 1.0
1.0 0.909649 0.079996 1.0
1.0 0.909649 0.079996 1.0
1.0 0.909649 0.079996 1.0
1.0 0.909649 0.079996 1.0
1.0 0.909649 0.079996 1.0
1.0 0.909649 0.079996 1.0
1.0 0.909649 0.079996 1.0
1.0 0.909649 0.079996 1.0
1.0 0.909649 0.079996 1.0
1.0 0.909649 0.079996 1.0
1.0 0.909649 0.079996 1.0
1.0 0.909649 0.079996 1.0
1.0 0.909649 0.079996 1.0
1.0 0.909649 0.079996 1.0
1.0 0.909649 0.079996 1.0
1.0 0.909649 0.079996 1.0
1.0 0.909649 0.079996 1.0
1.0 0.909649 0.079996 1.0
1.0 0.909649 0.079996 1.0
1.0 0.909649 0.079996 1.0
1.0 0.909649 0.079996 1.0
1.0 0.909649 0.079996 1.0
1.0 0.909649 0.079996 1.0
1.0 0.909649 0.079996 1.0
1.0 0.909649 0.079996 1.0
1.0 0.909649 0.079996 1.0
1.0 0.909649 0.079996 1.0
1.0 0.909649 0.079996 1.0
1.0 0.909649 0.079996 1.0
1.0 0.909649 0.079996 1.0
1.0 0.909649 0.079996 1.0
1.0 0.909649 0.079996 1.0
1.0 0.909649 0.079996 1.0
1.0 0.909649 0.079996 1.0
1.0 0.909649 0.079996 1.0
1.0 0.909649 0.079996 1.0
1.0 0.909649 0.079996 1.0
1.0 0.909649 0.079996 1.0
1.0 0.909649 0.079996 1.0
1.0 0.909649 0.079996 1.0
1.0 0.909649 0.079996 1.0
1.0 0.909649 0.079996 1.0
1.0 0.909649 0.079996 1.0
1.0 0.909649 0.079996 1.0
1.0 0.909649 0.079996 1.0
1.0 0.909649 0.079996 1.0
1.0 0.909649 0.079996 1.0
1.0 0.909649 0.079996 1.0
1.0 0.909649 0.079996 1.0
1.0 0.909649 0.079996 1.0
1.0 0.909649 0.079996 1.0
1.0 0.909649 0.079996 1.0
1.0 0.909649 0.079996 1.0
1.0 0.909649 0.079996 1.0
1.0 0.909649 0.079996 1.0
1.0 0.909649 0.079996 1.0
1.0 0.909649 0.079996 1.0
1.0 0.909649 0.079996 1.0
1.0 0.909649 0.079996 1.0
1.0 0.909649 0.079996 1.0
1.0 0.909649 0.079996 1.0
1.0 0.909649 0.079996 1.0
1.0 0.909649 0.079996 1.0
1.0 0.909649 0.079996 1.0
1.0 0.909649 0.079996 1.0
1.0 0.909649 0.079996 1.0
1.0 0.909649 0.079996 1.0
1.0 0.909649 0.079996 1.0
1.0 0.909649 0.079996 1.0
1.0 0.909649 0.079996 1.0
1.0 0.909649 0.079996 1.0
1.0 0.909649 0.079996 1.0
1.0 0.909649 0.079996 1.0
1.0 0.909649 0.079996 1.0
1.0 0.909649 0.079996 1.0
1.0 0.909649 0.079996 1.0
1.0 0.909649 0.079996 1.0
1.0 0.909649 0.079996 1.0
1.0 0.909649 0.079996 1.0
1.0 0.909649 0.079996 1.0
1.0 0.909649 0.079996 1.0
1.0 0.909649 0.079996 1.0
1.0 0.909649 0.079996 1.0
1.0 0.909649 0.079996 1.0
1.0 0.909649 0.079996 1.0
1.0 0.909649 0.079996 1.0
1.0 0.909649 0.079996 1.0
1.0 0.909649 0.079996 1.0
1.0 0.909649 0.079996 1.0
1.0 0.909649 0.079996 1.0
1.0 0.909649 0.079996 1.0
1.0 0.909649 0.079996 1.0
1.0 0.909649 0.079996 1.0
1.0 0.909649 0.079996 1.0
1.0 0.909649 0.079996 1.0
1.0 0.909649 0.079996 1.0
1.0 0.909649 0.079996 1.0
1.0 0.909649 0.079996 1.0
1.0 0.909649 0.079996 1.0
1.0 0.909649 0.079996 1.0
1.0 0.909649 0.079996 1.0
1.0 0.909649 0.079996 1.0
1.0 0.909649 0.079996 1.0
1.0 0.909649 0.079996 1.0
1.0 0.909649 0.079996 1.0
1.0 0.909649 0.079996 1.0
1.0 0.909649 0.079996 1.0
1.0 0.909649 0.079996 1.0
1.0 0.909649 0.079996 1.0
1.0 0.909649 0.079996 1.0
1.0 0.909649 0.079996 1.0
1.0 0.909649 0.079996 1.0
1.0 0.909649 0.079996 1.0
1.0 0.909649 0.079996 1.0
1.0 0.909649 0.079996 1.0
1.0 0.909649 0.079996 1.0
1.0 0.909649 0.079996 1.0
1.0 0.909649 0.079996 1.0
1.0 0.909649 0.079996 1.0
1.0 0.909649 0.079996 1.0
1.0 0.909649 0.079996 1.0
1.0 0.909649 0.079996 1.0
1.0 0.909649 0.079996 1.0
1.0 0.909649 0.079996 1.0
1.0 0.909649 0.079996 1.0
1.0 0.909649 0.079996 1.0
1.0 0.909649 0.079996 1.0
1.0 0.909649 0.079996 1.0
1.0 0.909649 0.079996 1.0
1.0 0.909649 0.079996 1.0
1.0 0.909649 0.079996 1.0
1.0 0.909649 0.079996 1.0
1.0 0.909649 0.079996 1.0
1.0 0.909649 0.079996 1.0
1.0 0.909649 0.079996 1.0
1.0 0.909649 0.079996 1.0
1.0 0.909649 0.079996 1.0
1.0 0.909649 0.079996 1.0
1.0 0.909649 0.079996 1.0
1.0 0.909649 0.079996 1.0
1.0 0.909649 0.079996 1.0
1.0 0.909649 0.079996 1.0
1.0 0.909649 0.079996 1.0

3 2 1
3 1 0
7 6 5
7 5 4
11 10 9
11 9 8
15 14 13
15 13 12
19 18 17
19 17 16
23 22 21
23 21 20
27 26 25
27 25 24
31 30 29
31 29 28
35 34 33
35 33 32
39 38 37
39 37 36
43 42 41
43 41 40
47 46 45
47 45 44
51 50 49
51 49 48
55 54 53
55 53 52
59 58 57
59 57 56
63 62 61
63 61 60
67 66 65
67 65 64
71 70 69
71 69 68
75 74 73
75 73 72
79 78 77
79 77 76
83 82 81
83 81 80
87 86 85
87 85 84
91 90 89
91 89 88
95 94 93
95 93 92
99 98 97
99 97 96
103 102 101
103 101 100
107 106 105
107 105 104
111 110 109
111 109 108
115 114 113
115 113 112
119 118 117
119 117 116
123 122 121
123 121 120
127 126 125
127 125 124
131 130 129
131 129 128
135 134 133
135 133 132
139 138 137
139 137 136
143 142 141
143 141 140
147 146 145
147 145 144
151 150 149
151 149 148
155 154 153
155 153 152
159 158 157
159 157 156
163 162 161
163 161 160
167 166 165
167 165 164
171 170 169
171 169 168
175 174 173
175 173 172
179 178 177
179 177 176
183 182 181
183 181 180
187 186 185
187 185 184
191 190 189
191 189 188
