808 388 

-0.062326 0.863122 0.080381
-0.054828 0.94487 0.072884
-0.054828 0.94487 -0.072884
-0.062326 0.863122 -0.080381
-0.062326 0.863122 -0.080381
-0.054828 0.94487 -0.072884
0.090939 0.94487 -0.072884
0.098437 0.863122 -0.080381
0.098437 0.863122 -0.080381
0.090939 0.94487 -0.072884
0.090939 0.94487 0.072884
0.098437 0.863122 0.080381
0.098437 0.863122 0.080381
0.090939 0.94487 0.072884
-0.054828 0.94487 0.072884
-0.062326 0.863122 0.080381
-0.062326 0.863122 0.080381
-0.062326 0.863122 -0.080381
-0.019464 0.786869 -0.063041
-0.019464 0.786869 0.063041
0.090939 0.94487 -0.072884
-0.054828 0.94487 -0.072884
-0.054828 0.94487 0.072884
0.090939 0.94487 0.072884
-0.019464 0.786869 -0.063041
0.084252 0.786869 -0.063041
0.084252 0.786869 0.063041
-0.019464 0.786869 0.063041
0.098437 0.863122 -0.080381
0.098437 0.863122 0.080381
0.084252 0.786869 0.063041
0.084252 0.786869 -0.063041
0.098437 0.863122 0.080381
-0.062326 0.863122 0.080381
-0.019464 0.786869 0.063041
0.084252 0.786869 0.063041
-0.062326 0.863122 -0.080381
0.098437 0.863122 -0.080381
0.084252 0.786869 -0.063041
-0.019464 0.786869 -0.063041
-0.031254 0.668227 0.0
-0.018762 0.750244 0.0
-0.018762 0.750244 -0.072554
-0.031254 0.668227 -0.077136
-0.031254 0.668227 -0.077136
-0.018762 0.750244 -0.072554
0.080137 0.750244 -0.072554
0.106322 0.668227 -0.077136
0.012456 0.745547 -0.083692
0.056609 0.745348 -0.083692
0.056541 0.735512 -0.130358
0.012389 0.73571 -0.130358
-0.031254 0.668227 0.0
-0.031254 0.668227 -0.077136
-0.021294 0.467931 -0.0582
-0.021294 0.467931 0.0
-0.000998 0.695801 -0.150492
0.012389 0.73571 -0.130358
0.056541 0.735512 -0.130358
0.072484 0.698468 -0.150401
0.056609 0.745348 -0.083692
0.072551 0.692461 -0.089357
0.072484 0.698468 -0.150401
0.056541 0.735512 -0.130358
-0.031254 0.668227 -0.077136
0.106322 0.668227 -0.077136
0.082508 0.467931 -0.0582
-0.021294 0.467931 -0.0582
-0.000931 0.689794 -0.089447
0.072551 0.692461 -0.089357
0.056609 0.745348 -0.083692
0.012456 0.745547 -0.083692
-0.021294 0.467931 0.0
-0.021294 0.467931 -0.0582
-0.021294 0.00456 -0.0582
-0.021294 0.00456 0.0
-0.021294 0.467931 -0.0582
0.082508 0.467931 -0.0582
0.082508 0.00456 -0.0582
-0.021294 0.00456 -0.0582
-0.000931 0.689794 -0.089447
0.012456 0.745547 -0.083692
0.012389 0.73571 -0.130358
-0.000998 0.695801 -0.150492
-0.021294 0.00456 -0.0582
0.082508 0.00456 -0.0582
0.082508 0.00456 0.0
-0.021294 0.00456 0.0
0.106322 0.668227 -0.077136
0.118024 0.668227 0.0
0.094211 0.467931 0.0
0.082508 0.467931 -0.0582
0.082508 0.467931 -0.0582
0.094211 0.467931 0.0
0.082508 0.00456 0.0
0.082508 0.00456 -0.0582
0.080137 0.750244 -0.072554
-0.018762 0.750244 -0.072554
-0.018762 0.750244 0.0
0.091839 0.750244 0.0
0.106322 0.668227 -0.077136
0.080137 0.750244 -0.072554
0.091839 0.750244 0.0
0.118024 0.668227 0.0
0.072484 0.698468 -0.150401
0.072551 0.692461 -0.089357
0.060183 0.466374 -0.127022
0.060149 0.466821 -0.160161
-0.000998 0.695801 -0.150492
0.072484 0.698468 -0.150401
0.060149 0.466821 -0.160161
0.02427 0.465462 -0.16009
0.072551 0.692461 -0.089357
-0.000931 0.689794 -0.089447
0.024305 0.465014 -0.12695
0.060183 0.466374 -0.127022
-0.000931 0.689794 -0.089447
-0.000998 0.695801 -0.150492
0.02427 0.465462 -0.16009
0.024305 0.465014 -0.12695
-0.031254 0.668227 0.0
-0.031254 0.668227 0.077136
-0.018762 0.750244 0.072554
-0.018762 0.750244 0.0
-0.031254 0.668227 0.077136
0.106322 0.668227 0.077136
0.080137 0.750244 0.072554
-0.018762 0.750244 0.072554
0.012456 0.745547 0.083692
0.012389 0.73571 0.130358
0.056541 0.735512 0.130358
0.056609 0.745348 0.083692
-0.031254 0.668227 0.0
-0.021294 0.467931 0.0
-0.021294 0.467931 0.0582
-0.031254 0.668227 0.077136
-0.000998 0.695801 0.150492
0.072484 0.698468 0.150401
0.056541 0.735512 0.130358
0.012389 0.73571 0.130358
0.056609 0.745348 0.083692
0.056541 0.735512 0.130358
0.072484 0.698468 0.150401
0.072551 0.692461 0.089357
-0.031254 0.668227 0.077136
-0.021294 0.467931 0.0582
0.082508 0.467931 0.0582
0.106322 0.668227 0.077136
-0.000931 0.689794 0.089447
0.012456 0.745547 0.083692
0.056609 0.745348 0.083692
0.072551 0.692461 0.089357
-0.021294 0.467931 0.0
-0.021294 0.00456 0.0
-0.021294 0.00456 0.0582
-0.021294 0.467931 0.0582
-0.021294 0.467931 0.0582
-0.021294 0.00456 0.0582
0.082508 0.00456 0.0582
0.082508 0.467931 0.0582
-0.000931 0.689794 0.089447
-0.000998 0.695801 0.150492
0.012389 0.73571 0.130358
0.012456 0.745547 0.083692
-0.021294 0.00456 0.0582
-0.021294 0.00456 0.0
0.082508 0.00456 0.0
0.082508 0.00456 0.0582
0.106322 0.668227 0.077136
0.082508 0.467931 0.0582
0.094211 0.467931 0.0
0.118024 0.668227 0.0
0.082508 0.467931 0.0582
0.082508 0.00456 0.0582
0.082508 0.00456 0.0
0.094211 0.467931 0.0
0.080137 0.750244 0.072554
0.091839 0.750244 0.0
-0.018762 0.750244 0.0
-0.018762 0.750244 0.072554
0.106322 0.668227 0.077136
0.118024 0.668227 0.0
0.091839 0.750244 0.0
0.080137 0.750244 0.072554
0.072484 0.698468 0.150401
0.060149 0.466821 0.160161
0.060183 0.466374 0.127022
0.072551 0.692461 0.089357
-0.000998 0.695801 0.150492
0.02427 0.465462 0.16009
0.060149 0.466821 0.160161
0.072484 0.698468 0.150401
0.072551 0.692461 0.089357
0.060183 0.466374 0.127022
0.024305 0.465014 0.12695
-0.000931 0.689794 0.089447
-0.000931 0.689794 0.089447
0.024305 0.465014 0.12695
0.02427 0.465462 0.16009
-0.000998 0.695801 0.150492
0.024305 0.465014 -0.12695
0.02427 0.465462 -0.16009
0.027026 0.440341 -0.161136
0.027057 0.4405 -0.13104
0.058834 0.441716 -0.13113
0.027057 0.4405 -0.13104
0.027026 0.440341 -0.161136
0.058804 0.441557 -0.161226
0.060183 0.466374 -0.127022
0.024305 0.465014 -0.12695
0.027057 0.4405 -0.13104
0.058834 0.441716 -0.13113
0.02427 0.465462 -0.16009
0.060149 0.466821 -0.160161
0.058804 0.441557 -0.161226
0.027026 0.440341 -0.161136
0.060149 0.466821 -0.160161
0.060183 0.466374 -0.127022
0.058834 0.441716 -0.13113
0.058804 0.441557 -0.161226
0.024305 0.465014 0.12695
0.027057 0.4405 0.13104
0.027026 0.440341 0.161136
0.02427 0.465462 0.16009
0.058834 0.441716 0.13113
0.058804 0.441557 0.161226
0.027026 0.440341 0.161136
0.027057 0.4405 0.13104
0.060183 0.466374 0.127022
0.058834 0.441716 0.13113
0.027057 0.4405 0.13104
0.024305 0.465014 0.12695
0.02427 0.465462 0.16009
0.027026 0.440341 0.161136
0.058804 0.441557 0.161226
0.060149 0.466821 0.160161
0.060149 0.466821 0.160161
0.058804 0.441557 0.161226
0.058834 0.441716 0.13113
0.060183 0.466374 0.127022
-0.281256 0.029104 0.029324
-0.190286 0.073935 0.181598
-0.242593 0.202275 0.097457
-0.279057 0.119933 0.049213
-0.251875 0.078097 -0.076051
-0.23982 0.167767 -0.092605
-0.224931 0.052253 -0.120651
-0.262077 0.049701 -0.087497
-0.05263 0.082206 0.194646
0.132145 0.040509 0.129288
0.171895 0.179546 0.149297
-0.073912 0.160261 0.198689
-0.117315 0.399649 0.119454
0.151161 0.361579 0.139993
0.084426 0.475754 0.060406
-0.052485 0.463637 0.067075
-0.076978 0.145796 -0.177938
0.131493 0.177395 -0.156557
0.079255 0.065978 -0.143727
-0.056996 0.049773 -0.160699
-0.03382 0.474234 -0.065309
0.082341 0.464274 -0.05799
0.132578 0.364852 -0.141237
-0.051151 0.418899 -0.117778
-0.190286 0.073935 0.181598
-0.05263 0.082206 0.194646
-0.073912 0.160261 0.198689
-0.242593 0.202275 0.097457
-0.23982 0.167767 -0.092605
-0.076978 0.145796 -0.177938
-0.056996 0.049773 -0.160699
-0.224931 0.052253 -0.120651
-0.281256 0.029104 0.029324
-0.279057 0.119933 0.049213
-0.251875 0.078097 -0.076051
-0.262077 0.049701 -0.087497
-0.242593 0.202275 0.097457
-0.23982 0.167767 -0.092605
-0.251875 0.078097 -0.076051
-0.279057 0.119933 0.049213
0.079255 0.065978 -0.143727
0.131493 0.177395 -0.156557
0.171895 0.179546 0.149297
0.132145 0.040509 0.129288
-0.117315 0.399649 0.119454
-0.052485 0.463637 0.067075
-0.03382 0.474234 -0.065309
-0.051151 0.418899 -0.117778
0.132578 0.364852 -0.141237
0.082341 0.464274 -0.05799
0.084426 0.475754 0.060406
0.151161 0.361579 0.139993
0.084426 0.475754 0.060406
0.082341 0.464274 -0.05799
-0.03382 0.474234 -0.065309
-0.052485 0.463637 0.067075
-0.073912 0.160261 0.198689
0.171895 0.179546 0.149297
0.151161 0.361579 0.139993
-0.117315 0.399649 0.119454
-0.051151 0.418899 -0.117778
0.132578 0.364852 -0.141237
0.131493 0.177395 -0.156557
-0.076978 0.145796 -0.177938
-0.242593 0.202275 0.097457
-0.195667 0.300229 0.077812
-0.173334 0.27866 -0.123081
-0.23982 0.167767 -0.092605
0.131493 0.177395 -0.156557
0.132578 0.364852 -0.141237
0.151161 0.361579 0.139993
0.171895 0.179546 0.149297
-0.242593 0.202275 0.097457
-0.073912 0.160261 0.198689
-0.117315 0.399649 0.119454
-0.195667 0.300229 0.077812
-0.173334 0.27866 -0.123081
-0.051151 0.418899 -0.117778
-0.076978 0.145796 -0.177938
-0.23982 0.167767 -0.092605
-0.117315 0.399649 0.119454
-0.051151 0.418899 -0.117778
-0.173334 0.27866 -0.123081
-0.195667 0.300229 0.077812
0.019993 0.963768 0.0
0.10041 0.951143 0.0
0.093285 0.945937 -0.076027
0.019733 0.951435 -0.078537
0.095301 0.889993 -0.089042
0.093285 0.945937 -0.076027
0.111265 0.915391 -0.027735
0.019733 0.951435 -0.078537
0.093285 0.945937 -0.076027
0.095301 0.889993 -0.089042
0.015612 0.889993 -0.088605
-0.055188 0.944943 -0.081047
0.019733 0.951435 -0.078537
0.015612 0.889993 -0.088605
-0.064049 0.859757 -0.087154
-0.061109 0.95284 0.0
0.019993 0.963768 0.0
0.019733 0.951435 -0.078537
-0.055188 0.944943 -0.081047
-0.055188 0.944943 -0.081047
-0.064049 0.859757 -0.087154
-0.087836 0.826477 -0.04261
-0.115804 0.836237 -0.04053
-0.120265 0.832811 -0.011121
-0.115804 0.836237 -0.04053
-0.098515 0.775847 -0.042765
-0.098116 0.770916 -0.018678
-0.061109 0.95284 0.0
-0.055188 0.944943 -0.081047
-0.115804 0.836237 -0.04053
-0.120265 0.832811 -0.011121
-0.064049 0.859757 -0.087154
-0.067082 0.853501 0.0
-0.081799 0.822819 -0.011305
-0.087836 0.826477 -0.04261
0.019993 0.963768 0.0
0.019048 0.945612 0.078537
0.09397 0.94491 0.076027
0.10041 0.951143 0.0
0.095301 0.889993 0.089042
0.111265 0.915391 0.027735
0.09397 0.94491 0.076027
0.019048 0.945612 0.078537
0.015612 0.889993 0.088605
0.095301 0.889993 0.089042
0.09397 0.94491 0.076027
-0.055873 0.946314 0.081047
-0.064049 0.859757 0.087154
0.015612 0.889993 0.088605
0.019048 0.945612 0.078537
-0.061109 0.95284 0.0
-0.055873 0.946314 0.081047
0.019048 0.945612 0.078537
0.019993 0.963768 0.0
-0.055873 0.946314 0.081047
-0.115804 0.836237 0.018287
-0.087836 0.826477 0.020368
-0.064049 0.859757 0.087154
-0.087836 0.826477 0.020368
-0.115804 0.836237 0.018287
-0.092336 0.769658 0.006147
-0.072831 0.785379 0.007457
-0.061109 0.95284 0.0
-0.120265 0.832811 -0.011121
-0.115804 0.836237 0.018287
-0.055873 0.946314 0.081047
-0.064049 0.859757 0.087154
-0.087836 0.826477 0.020368
-0.081799 0.822819 -0.011305
-0.067082 0.853501 0.0
-0.092336 0.769658 0.006147
-0.098116 0.770916 -0.018678
-0.023329 0.751218 -0.040022
-0.021901 0.752483 -0.02192
-0.07202 0.790509 -0.019729
-0.072831 0.785379 0.007457
-0.019059 0.770427 -0.020474
-0.021407 0.77507 -0.039709
-0.087836 0.826477 -0.04261
-0.081799 0.822819 -0.011305
-0.07202 0.790509 -0.019729
-0.079448 0.792006 -0.044915
-0.081799 0.822819 -0.011305
-0.087836 0.826477 0.020368
-0.072831 0.785379 0.007457
-0.07202 0.790509 -0.019729
-0.115804 0.836237 -0.04053
-0.087836 0.826477 -0.04261
-0.079448 0.792006 -0.044915
-0.098515 0.775847 -0.042765
-0.115804 0.836237 0.018287
-0.120265 0.832811 -0.011121
-0.098116 0.770916 -0.018678
-0.092336 0.769658 0.006147
-0.025135 0.771711 -0.058625
-0.021407 0.77507 -0.039709
0.10397 0.761009 -0.045434
0.103109 0.760758 -0.055993
-0.019059 0.770427 -0.020474
-0.021901 0.752483 -0.02192
0.096479 0.753432 -0.035528
0.103396 0.760575 -0.034862
-0.098116 0.770916 -0.018678
-0.098515 0.775847 -0.042765
-0.027575 0.753682 -0.05755
-0.023329 0.751218 -0.040022
-0.072831 0.785379 0.007457
-0.092336 0.769658 0.006147
-0.021901 0.752483 -0.02192
-0.019059 0.770427 -0.020474
-0.079448 0.792006 -0.044915
-0.07202 0.790509 -0.019729
-0.021407 0.77507 -0.039709
-0.025135 0.771711 -0.058625
-0.098515 0.775847 -0.042765
-0.079448 0.792006 -0.044915
-0.025135 0.771711 -0.058625
-0.027575 0.753682 -0.05755
0.096479 0.753432 -0.035528
0.096384 0.752231 -0.045407
0.115587 0.68808 -0.050073
0.10397 0.761009 -0.045434
0.103396 0.760575 -0.034862
0.115587 0.68808 -0.050073
-0.027575 0.753682 -0.05755
-0.025135 0.771711 -0.058625
0.103109 0.760758 -0.055993
0.096212 0.753603 -0.055263
-0.021407 0.77507 -0.039709
-0.019059 0.770427 -0.020474
0.103396 0.760575 -0.034862
0.10397 0.761009 -0.045434
-0.021901 0.752483 -0.02192
-0.023329 0.751218 -0.040022
0.096384 0.752231 -0.045407
0.096479 0.753432 -0.035528
-0.023329 0.751218 -0.040022
-0.027575 0.753682 -0.05755
0.096212 0.753603 -0.055263
0.096384 0.752231 -0.045407
0.096384 0.752231 -0.045407
0.096212 0.753603 -0.055263
0.115587 0.68808 -0.050073
0.103396 0.760575 -0.034862
0.096479 0.753432 -0.035528
0.115587 0.68808 -0.050073
0.103109 0.760758 -0.055993
0.10397 0.761009 -0.045434
0.115587 0.68808 -0.050073
0.096212 0.753603 -0.055263
0.103109 0.760758 -0.055993
0.115587 0.68808 -0.050073
0.111265 0.915391 -0.027735
0.093285 0.945937 -0.076027
0.10041 0.951143 0.0
0.09397 0.94491 0.076027
0.111265 0.915391 0.027735
0.10041 0.951143 0.0
-0.022882 0.752347 0.0
0.095655 0.752347 0.0
0.090863 0.750224 -0.079199
-0.019774 0.750783 -0.078645
-0.019774 0.750783 -0.078645
0.090863 0.750224 -0.079199
0.069853 0.731249 -0.155933
-0.001964 0.734587 -0.145038
-0.001964 0.734587 -0.145038
0.069853 0.731249 -0.155933
0.074847 0.652182 -0.160677
-0.010074 0.650359 -0.160282
0.074847 0.652182 -0.160677
0.069853 0.731249 -0.155933
0.090189 0.635031 -0.135866
0.116501 0.633427 -0.073373
0.090189 0.635031 -0.135866
0.069853 0.731249 -0.155933
0.090863 0.750224 -0.079199
0.120618 0.669248 0.0
0.116501 0.633427 -0.073373
0.090863 0.750224 -0.079199
0.095655 0.752347 0.0
-0.019774 0.750783 -0.078645
-0.001964 0.734587 -0.145038
-0.010074 0.650359 -0.160282
-0.043011 0.632754 -0.075935
-0.038163 0.633937 0.0
-0.022882 0.752347 0.0
-0.019774 0.750783 -0.078645
-0.043011 0.632754 -0.075935
-0.022882 0.752347 0.0
-0.019774 0.750783 0.078645
0.090863 0.750224 0.079199
0.095655 0.752347 0.0
-0.019774 0.750783 0.078645
-0.001964 0.734587 0.145038
0.069853 0.731249 0.155933
0.090863 0.750224 0.079199
-0.001964 0.734587 0.145038
-0.010074 0.650359 0.160282
0.074847 0.652182 0.160677
0.069853 0.731249 0.155933
0.074847 0.652182 0.160677
0.090189 0.635031 0.135866
0.069853 0.731249 0.155933
0.116501 0.633427 0.073373
0.090863 0.750224 0.079199
0.069853 0.731249 0.155933
0.090189 0.635031 0.135866
0.120618 0.669248 0.0
0.095655 0.752347 0.0
0.090863 0.750224 0.079199
0.116501 0.633427 0.073373
-0.019774 0.750783 0.078645
-0.043011 0.632754 0.075935
-0.010074 0.650359 0.160282
-0.001964 0.734587 0.145038
-0.038163 0.633937 0.0
-0.043011 0.632754 0.075935
-0.019774 0.750783 0.078645
-0.022882 0.752347 0.0
0.12036 0.692125 0.046622
0.10896 0.713021 0.071337
0.106172 0.686281 0.092658
0.117571 0.665385 0.067943
0.166877 0.631221 0.217976
0.181621 0.738334 0.220872
0.18412 0.738334 0.243647
0.187016 0.631221 0.228903
0.187016 0.631221 0.228903
0.18412 0.738334 0.243647
0.161344 0.738334 0.246146
0.176089 0.631221 0.249042
0.176089 0.631221 0.249042
0.161344 0.738334 0.246146
0.158846 0.738334 0.22337
0.15595 0.631221 0.238114
0.15595 0.631221 0.238114
0.158846 0.738334 0.22337
0.181621 0.738334 0.220872
0.166877 0.631221 0.217976
0.157123 -0.011456 0.226007
0.178984 -0.011456 0.219149
0.185843 -0.011456 0.24101
0.163981 -0.011456 0.247869
0.161344 0.738334 0.246146
0.18412 0.738334 0.243647
0.181621 0.738334 0.220872
0.158846 0.738334 0.22337
0.185843 -0.011456 0.24101
0.185755 0.095657 0.241177
0.163815 0.095657 0.247781
0.163981 -0.011456 0.247869
0.185755 0.095657 0.241177
0.184508 0.20277 0.243144
0.161848 0.20277 0.246534
0.163815 0.095657 0.247781
0.184508 0.20277 0.243144
0.180975 0.309882 0.246638
0.158353 0.309882 0.243001
0.161848 0.20277 0.246534
0.180975 0.309882 0.246638
0.173966 0.416995 0.249519
0.155473 0.416995 0.235992
0.158353 0.309882 0.243001
0.173966 0.416995 0.249519
0.163969 0.524108 0.247862
0.157129 0.524108 0.225995
0.155473 0.416995 0.235992
0.163969 0.524108 0.247862
0.15595 0.631221 0.238114
0.166877 0.631221 0.217976
0.157129 0.524108 0.225995
0.178984 -0.011456 0.219149
0.179151 0.095657 0.219237
0.185755 0.095657 0.241177
0.185843 -0.011456 0.24101
0.179151 0.095657 0.219237
0.181118 0.20277 0.220484
0.184508 0.20277 0.243144
0.185755 0.095657 0.241177
0.181118 0.20277 0.220484
0.184613 0.309882 0.224017
0.180975 0.309882 0.246638
0.184508 0.20277 0.243144
0.184613 0.309882 0.224017
0.187493 0.416995 0.231025
0.173966 0.416995 0.249519
0.180975 0.309882 0.246638
0.187493 0.416995 0.231025
0.185836 0.524108 0.241023
0.163969 0.524108 0.247862
0.173966 0.416995 0.249519
0.185836 0.524108 0.241023
0.176089 0.631221 0.249042
0.15595 0.631221 0.238114
0.163969 0.524108 0.247862
0.157123 -0.011456 0.226007
0.157211 0.095657 0.225841
0.179151 0.095657 0.219237
0.178984 -0.011456 0.219149
0.157211 0.095657 0.225841
0.158458 0.20277 0.223874
0.181118 0.20277 0.220484
0.179151 0.095657 0.219237
0.158458 0.20277 0.223874
0.161991 0.309882 0.220379
0.184613 0.309882 0.224017
0.181118 0.20277 0.220484
0.161991 0.309882 0.220379
0.168999 0.416995 0.217499
0.187493 0.416995 0.231025
0.184613 0.309882 0.224017
0.168999 0.416995 0.217499
0.178997 0.524108 0.219155
0.185836 0.524108 0.241023
0.187493 0.416995 0.231025
0.178997 0.524108 0.219155
0.187016 0.631221 0.228903
0.176089 0.631221 0.249042
0.185836 0.524108 0.241023
0.163981 -0.011456 0.247869
0.163815 0.095657 0.247781
0.157211 0.095657 0.225841
0.157123 -0.011456 0.226007
0.163815 0.095657 0.247781
0.161848 0.20277 0.246534
0.158458 0.20277 0.223874
0.157211 0.095657 0.225841
0.161848 0.20277 0.246534
0.158353 0.309882 0.243001
0.161991 0.309882 0.220379
0.158458 0.20277 0.223874
0.158353 0.309882 0.243001
0.155473 0.416995 0.235992
0.168999 0.416995 0.217499
0.161991 0.309882 0.220379
0.155473 0.416995 0.235992
0.157129 0.524108 0.225995
0.178997 0.524108 0.219155
0.168999 0.416995 0.217499
0.157129 0.524108 0.225995
0.166877 0.631221 0.217976
0.187016 0.631221 0.228903
0.178997 0.524108 0.219155
0.162281 0.778511 0.187565
0.166721 0.777353 0.181128
0.160258 0.775386 0.177023
0.155817 0.776544 0.18346
0.179408 0.696182 0.221889
0.166721 0.777353 0.181128
0.162281 0.778511 0.187565
0.171821 0.696182 0.232815
0.168482 0.696182 0.214301
0.160258 0.775386 0.177023
0.166721 0.777353 0.181128
0.179408 0.696182 0.221889
0.160895 0.696182 0.225228
0.155817 0.776544 0.18346
0.160258 0.775386 0.177023
0.168482 0.696182 0.214301
0.171821 0.696182 0.232815
0.162281 0.778511 0.187565
0.155817 0.776544 0.18346
0.160895 0.696182 0.225228
0.112197 0.775154 0.24397
0.116869 0.776411 0.236757
0.109953 0.774358 0.231921
0.105282 0.773102 0.239134
0.171821 0.696182 0.232815
0.116869 0.776411 0.236757
0.112197 0.775154 0.24397
0.164234 0.696182 0.243742
0.160895 0.696182 0.225228
0.109953 0.774358 0.231921
0.116869 0.776411 0.236757
0.171821 0.696182 0.232815
0.153307 0.696182 0.236155
0.105282 0.773102 0.239134
0.109953 0.774358 0.231921
0.160895 0.696182 0.225228
0.164234 0.696182 0.243742
0.112197 0.775154 0.24397
0.105282 0.773102 0.239134
0.153307 0.696182 0.236155
0.185596 0.789895 0.297409
0.188715 0.790873 0.292885
0.184092 0.791279 0.289785
0.180973 0.790302 0.294309
0.182748 0.696182 0.240403
0.188715 0.790873 0.292885
0.185596 0.789895 0.297409
0.17516 0.696182 0.251329
0.171821 0.696182 0.232815
0.184092 0.791279 0.289785
0.188715 0.790873 0.292885
0.182748 0.696182 0.240403
0.164234 0.696182 0.243742
0.180973 0.790302 0.294309
0.184092 0.791279 0.289785
0.171821 0.696182 0.232815
0.17516 0.696182 0.251329
0.185596 0.789895 0.297409
0.180973 0.790302 0.294309
0.164234 0.696182 0.243742
0.231582 0.774831 0.242749
0.236455 0.771009 0.235387
0.228713 0.77198 0.229759
0.22384 0.775801 0.237121
0.190335 0.696182 0.229476
0.236455 0.771009 0.235387
0.231582 0.774831 0.242749
0.182748 0.696182 0.240403
0.179408 0.696182 0.221889
0.228713 0.77198 0.229759
0.236455 0.771009 0.235387
0.190335 0.696182 0.229476
0.171821 0.696182 0.232815
0.22384 0.775801 0.237121
0.228713 0.77198 0.229759
0.179408 0.696182 0.221889
0.182748 0.696182 0.240403
0.231582 0.774831 0.242749
0.22384 0.775801 0.237121
0.171821 0.696182 0.232815
0.168802 0.776078 0.235415
0.191339 0.793295 0.251788
0.160193 0.793295 0.261908
0.191339 0.793295 0.251788
0.168802 0.776078 0.235415
0.191339 0.793295 0.219041
0.168802 0.776078 0.235415
0.160193 0.793295 0.261908
0.140944 0.793295 0.235415
0.168802 0.776078 0.235415
0.140944 0.793295 0.235415
0.160193 0.793295 0.208921
0.168802 0.776078 0.235415
0.160193 0.793295 0.208921
0.191339 0.793295 0.219041
0.191339 0.793295 0.251788
0.191339 0.793295 0.219041
0.196659 0.821152 0.235415
0.160193 0.793295 0.261908
0.191339 0.793295 0.251788
0.17741 0.821152 0.261908
0.140944 0.793295 0.235415
0.160193 0.793295 0.261908
0.146265 0.821152 0.251788
0.160193 0.793295 0.208921
0.140944 0.793295 0.235415
0.146265 0.821152 0.219041
0.191339 0.793295 0.219041
0.160193 0.793295 0.208921
0.17741 0.821152 0.208921
0.191339 0.793295 0.251788
0.196659 0.821152 0.235415
0.17741 0.821152 0.261908
0.160193 0.793295 0.261908
0.17741 0.821152 0.261908
0.146265 0.821152 0.251788
0.140944 0.793295 0.235415
0.146265 0.821152 0.251788
0.146265 0.821152 0.219041
0.160193 0.793295 0.208921
0.146265 0.821152 0.219041
0.17741 0.821152 0.208921
0.191339 0.793295 0.219041
0.17741 0.821152 0.208921
0.196659 0.821152 0.235415
0.17741 0.821152 0.261908
0.196659 0.821152 0.235415
0.168802 0.838369 0.235415
0.146265 0.821152 0.251788
0.17741 0.821152 0.261908
0.168802 0.838369 0.235415
0.146265 0.821152 0.219041
0.146265 0.821152 0.251788
0.168802 0.838369 0.235415
0.17741 0.821152 0.208921
0.146265 0.821152 0.219041
0.168802 0.838369 0.235415
0.196659 0.821152 0.235415
0.17741 0.821152 0.208921
0.168802 0.838369 0.235415

no_normals
0.375 0.0
0.625 0.0
0.625 0.25
0.375 0.25
0.375 0.25
0.625 0.25
0.625 0.5
0.375 0.5
0.375 0.5
0.625 0.5
0.625 0.75
0.375 0.75
0.375 0.75
0.625 0.75
0.625 1.0
0.375 1.0
0.375 0.0
0.375 0.25
0.375 0.25
0.375 0.0
0.625 0.5
0.875 0.5
0.875 0.75
0.625 0.75
0.125 0.5
0.375 0.5
0.375 0.75
0.125 0.75
0.375 0.5
0.375 0.75
0.375 0.75
0.375 0.5
0.375 0.75
0.375 1.0
0.375 1.0
0.375 0.75
0.375 0.25
0.375 0.5
0.375 0.5
0.375 0.25
0.375 0.125
0.625 0.125
0.625 0.25
0.375 0.25
0.375 0.25
0.625 0.25
0.625 0.5
0.375 0.5
0.625 0.25
0.625 0.5
0.625 0.5
0.625 0.25
0.375 0.125
0.375 0.25
0.375 0.25
0.375 0.125
0.375 0.25
0.625 0.25
0.625 0.5
0.375 0.5
0.625 0.5
0.375 0.5
0.375 0.5
0.625 0.5
0.375 0.25
0.375 0.5
0.375 0.5
0.375 0.25
0.375 0.25
0.375 0.5
0.625 0.5
0.625 0.25
0.375 0.125
0.375 0.25
0.375 0.25
0.375 0.125
0.375 0.25
0.375 0.5
0.375 0.5
0.375 0.25
0.375 0.25
0.625 0.25
0.625 0.25
0.375 0.25
0.125 0.5
0.375 0.5
0.375 0.625
0.125 0.625
0.375 0.5
0.375 0.625
0.375 0.625
0.375 0.5
0.375 0.5
0.375 0.625
0.375 0.625
0.375 0.5
0.625 0.5
0.875 0.5
0.875 0.625
0.625 0.625
0.375 0.5
0.625 0.5
0.625 0.625
0.375 0.625
0.375 0.5
0.375 0.5
0.375 0.5
0.375 0.5
0.375 0.25
0.375 0.5
0.375 0.5
0.375 0.25
0.375 0.5
0.375 0.25
0.375 0.25
0.375 0.5
0.375 0.25
0.375 0.25
0.375 0.25
0.375 0.25
0.375 0.125
0.375 0.25
0.625 0.25
0.625 0.125
0.375 0.25
0.375 0.5
0.625 0.5
0.625 0.25
0.625 0.25
0.625 0.25
0.625 0.5
0.625 0.5
0.375 0.125
0.375 0.125
0.375 0.25
0.375 0.25
0.375 0.25
0.375 0.5
0.625 0.5
0.625 0.25
0.625 0.5
0.625 0.5
0.375 0.5
0.375 0.5
0.375 0.25
0.375 0.25
0.375 0.5
0.375 0.5
0.375 0.25
0.625 0.25
0.625 0.5
0.375 0.5
0.375 0.125
0.375 0.125
0.375 0.25
0.375 0.25
0.375 0.25
0.375 0.25
0.375 0.5
0.375 0.5
0.375 0.25
0.375 0.25
0.625 0.25
0.625 0.25
0.125 0.5
0.125 0.625
0.375 0.625
0.375 0.5
0.375 0.5
0.375 0.5
0.375 0.625
0.375 0.625
0.375 0.5
0.375 0.5
0.375 0.625
0.375 0.625
0.625 0.5
0.625 0.625
0.875 0.625
0.875 0.5
0.375 0.5
0.375 0.625
0.625 0.625
0.625 0.5
0.375 0.5
0.375 0.5
0.375 0.5
0.375 0.5
0.375 0.25
0.375 0.25
0.375 0.5
0.375 0.5
0.375 0.5
0.375 0.5
0.375 0.25
0.375 0.25
0.375 0.25
0.375 0.25
0.375 0.25
0.375 0.25
0.375 0.25
0.375 0.25
0.375 0.25
0.375 0.25
0.375 0.5
0.375 0.25
0.375 0.25
0.375 0.5
0.375 0.5
0.375 0.25
0.375 0.25
0.375 0.5
0.375 0.25
0.375 0.5
0.375 0.5
0.375 0.25
0.375 0.5
0.375 0.5
0.375 0.5
0.375 0.5
0.375 0.25
0.375 0.25
0.375 0.25
0.375 0.25
0.375 0.5
0.375 0.5
0.375 0.25
0.375 0.25
0.375 0.5
0.375 0.5
0.375 0.25
0.375 0.25
0.375 0.25
0.375 0.25
0.375 0.5
0.375 0.5
0.375 0.5
0.375 0.5
0.375 0.5
0.375 0.5
0 0
0 0
0 0
0 0
0 0
0 0
0 0
0 0
0 0
0 0
0 0
0 0
0 0
0 0
0 0
0 0
0 0
0 0
0 0
0 0
0 0
0 0
0 0
0 0
0 0
0 0
0 0
0 0
0 0
0 0
0 0
0 0
0 0
0 0
0 0
0 0
0 0
0 0
0 0
0 0
0 0
0 0
0 0
0 0
0 0
0 0
0 0
0 0
0 0
0 0
0 0
0 0
0 0
0 0
0 0
0 0
0 0
0 0
0 0
0 0
0 0
0 0
0 0
0 0
0 0
0 0
0 0
0 0
0 0
0 0
0 0
0 0
0 0
0 0
0 0
0 0
0 0
0 0
0 0
0 0
0 0
0 0
0 0
0 0
0.5 0.5
1.0 0.5
1.0 1.0
0.5 1.0
1.0 1.0
1.0 1.0
0.0 0.0
0.5 1.0
1.0 1.0
1.0 1.0
0.5 1.0
0.0 1.0
0.5 1.0
0.5 1.0
0.0 1.0
0.0 0.5
0.5 0.5
0.5 1.0
0.0 1.0
0.0 1.0
0.0 1.0
0.0 1.0
0.0 1.0
0.0 0.5
0.0 1.0
0.0 1.0
0.0 0.5
0.0 0.5
0.0 1.0
0.0 1.0
0.0 0.5
0.0 0.0
0.0 0.0
0.0 0.0
0.0 0.0
0.5 0.5
0.5 1.0
1.0 1.0
1.0 0.5
1.0 1.0
0.0 0.0
1.0 1.0
0.5 1.0
0.5 1.0
1.0 1.0
1.0 1.0
0.0 1.0
0.0 1.0
0.5 1.0
0.5 1.0
0.0 0.5
0.0 1.0
0.5 1.0
0.5 0.5
0.0 1.0
0.0 1.0
0.0 1.0
0.0 1.0
0.0 1.0
0.0 1.0
0.0 1.0
0.0 1.0
0.0 0.5
0.0 0.5
0.0 1.0
0.0 1.0
0.0 0.0
0.0 0.0
0.0 0.0
0.0 0.0
0.0 1.0
0.0 0.5
0.0 0.5
0.0 1.0
0.0 0.0
0.0 0.0
0.0 0.0
0.0 0.0
0.0 0.0
0.0 0.0
0.0 0.0
0.0 0.0
0.0 0.0
0.0 0.0
0.0 0.0
0.0 0.0
0.0 1.0
0.0 1.0
0.0 1.0
0.0 1.0
0.0 1.0
0.0 0.5
0.0 0.5
0.0 1.0
0.0 0.0
0.0 0.0
0.0 0.0
0.0 0.0
0.0 1.0
0.0 1.0
0.0 1.0
0.0 1.0
0.0 0.5
0.0 1.0
0.0 1.0
0.0 0.5
0.0 1.0
0.0 1.0
0.0 1.0
0.0 1.0
0.0 0.0
0.0 0.0
0.0 0.0
0.0 0.0
0.0 1.0
0.0 1.0
0.0 1.0
0.0 1.0
0.0 1.0
0.0 0.5
0.0 1.0
0.0 0.0
0.0 0.0
0.0 0.0
0.0 1.0
0.0 1.0
0.0 1.0
0.0 1.0
0.0 0.0
0.0 0.0
0.0 0.0
0.0 0.0
0.0 1.0
0.0 0.5
0.0 0.5
0.0 1.0
0.0 0.5
0.0 1.0
0.0 1.0
0.0 0.5
0.0 0.5
0.0 1.0
0.0 0.5
0.0 1.0
0.0 1.0
0.0 1.0
0.0 0.0
0.0 0.0
0.0 0.0
0.0 1.0
0.0 1.0
0.0 1.0
0.0 0.0
1.0 1.0
1.0 0.5
1.0 1.0
0.0 0.0
1.0 0.5
0.0 0.5
1.0 0.5
1.0 1.0
0.0 1.0
0.0 1.0
1.0 1.0
1.0 1.0
0.0 1.0
0.0 1.0
1.0 1.0
1.0 1.0
0.0 1.0
1.0 1.0
1.0 1.0
0.0 0.0
0.0 0.0
0.0 0.0
1.0 1.0
1.0 1.0
0.0 0.0
0.0 0.0
1.0 1.0
1.0 0.5
0.0 1.0
0.0 1.0
0.0 1.0
0.0 0.0
0.0 0.0
0.0 0.5
0.0 1.0
0.0 0.0
0.0 0.5
0.0 1.0
1.0 1.0
1.0 0.5
0.0 1.0
0.0 1.0
1.0 1.0
1.0 1.0
0.0 1.0
0.0 1.0
1.0 1.0
1.0 1.0
1.0 1.0
0.0 0.0
1.0 1.0
0.0 0.0
1.0 1.0
1.0 1.0
0.0 0.0
0.0 0.0
1.0 0.5
1.0 1.0
0.0 0.0
0.0 1.0
0.0 0.0
0.0 1.0
0.0 1.0
0.0 0.0
0.0 0.0
0.0 1.0
0.0 0.5
0.0 0.0
1.0 0.5
1.0 1.0
0.0 0.0
0.589286 0.0
0.625 0.0
0.625 0.25
0.589286 0.25
0.589286 0.25
0.625 0.25
0.625 0.5
0.589286 0.5
0.589286 0.5
0.625 0.5
0.625 0.75
0.589286 0.75
0.589286 0.75
0.625 0.75
0.625 1.0
0.589286 1.0
0.125 0.5
0.375 0.5
0.375 0.75
0.125 0.75
0.625 0.5
0.875 0.5
0.875 0.75
0.625 0.75
0.375 0.75
0.410714 0.75
0.410714 1.0
0.375 1.0
0.410714 0.75
0.446429 0.75
0.446429 1.0
0.410714 1.0
0.446429 0.75
0.482143 0.75
0.482143 1.0
0.446429 1.0
0.482143 0.75
0.517857 0.75
0.517857 1.0
0.482143 1.0
0.517857 0.75
0.553571 0.75
0.553571 1.0
0.517857 1.0
0.553571 0.75
0.589286 0.75
0.589286 1.0
0.553571 1.0
0.375 0.5
0.410714 0.5
0.410714 0.75
0.375 0.75
0.410714 0.5
0.446429 0.5
0.446429 0.75
0.410714 0.75
0.446429 0.5
0.482143 0.5
0.482143 0.75
0.446429 0.75
0.482143 0.5
0.517857 0.5
0.517857 0.75
0.482143 0.75
0.517857 0.5
0.553571 0.5
0.553571 0.75
0.517857 0.75
0.553571 0.5
0.589286 0.5
0.589286 0.75
0.553571 0.75
0.375 0.25
0.410714 0.25
0.410714 0.5
0.375 0.5
0.410714 0.25
0.446429 0.25
0.446429 0.5
0.410714 0.5
0.446429 0.25
0.482143 0.25
0.482143 0.5
0.446429 0.5
0.482143 0.25
0.517857 0.25
0.517857 0.5
0.482143 0.5
0.517857 0.25
0.553571 0.25
0.553571 0.5
0.517857 0.5
0.553571 0.25
0.589286 0.25
0.589286 0.5
0.553571 0.5
0.375 0.0
0.410714 0.0
0.410714 0.25
0.375 0.25
0.410714 0.0
0.446429 0.0
0.446429 0.25
0.410714 0.25
0.446429 0.0
0.482143 0.0
0.482143 0.25
0.446429 0.25
0.482143 0.0
0.517857 0.0
0.517857 0.25
0.482143 0.25
0.517857 0.0
0.553571 0.0
0.553571 0.25
0.517857 0.25
0.553571 0.0
0.589286 0.0
0.589286 0.25
0.553571 0.25
0.75 0.625
0.875 0.625
0.875 0.75
0.75 0.75
0.875 0.625
0.875 0.625
0.75 0.625
0.75 0.625
0.875 0.75
0.875 0.75
0.875 0.625
0.875 0.625
0.75 0.75
0.75 0.75
0.875 0.75
0.875 0.75
0.75 0.625
0.75 0.625
0.75 0.75
0.75 0.75
0.625 0.625
0.75 0.625
0.75 0.75
0.625 0.75
0.75 0.625
0.75 0.625
0.625 0.625
0.625 0.625
0.75 0.75
0.75 0.75
0.75 0.625
0.75 0.625
0.625 0.75
0.625 0.75
0.75 0.75
0.75 0.75
0.625 0.625
0.625 0.625
0.625 0.75
0.625 0.75
0.625 0.5
0.75 0.5
0.75 0.625
0.625 0.625
0.75 0.5
0.75 0.5
0.625 0.5
0.625 0.5
0.75 0.625
0.75 0.625
0.75 0.5
0.75 0.5
0.625 0.625
0.625 0.625
0.75 0.625
0.75 0.625
0.625 0.5
0.625 0.5
0.625 0.625
0.625 0.625
0.75 0.5
0.875 0.5
0.875 0.625
0.75 0.625
0.875 0.5
0.875 0.5
0.75 0.5
0.75 0.5
0.875 0.625
0.875 0.625
0.875 0.5
0.875 0.5
0.75 0.625
0.75 0.625
0.875 0.625
0.875 0.625
0.75 0.5
0.75 0.5
0.75 0.625
0.75 0.625
0.818181 0.0
0.727272 0.157461
0.90909 0.157461
0.727272 0.157461
0.636363 0.0
0.545454 0.157461
0.090909 0.0
0.0 0.157461
0.181818 0.157461
0.272727 0.0
0.181818 0.157461
0.363636 0.157461
0.454545 0.0
0.363636 0.157461
0.545454 0.157461
0.727272 0.157461
0.545454 0.157461
0.636363 0.314921
0.90909 0.157461
0.727272 0.157461
0.818181 0.314921
0.181818 0.157461
0.0 0.157461
0.090909 0.314921
0.363636 0.157461
0.181818 0.157461
0.272727 0.314921
0.545454 0.157461
0.363636 0.157461
0.454545 0.314921
0.727272 0.157461
0.636363 0.314921
0.818181 0.314921
0.90909 0.157461
0.818181 0.314921
1.0 0.314921
0.181818 0.157461
0.090909 0.314921
0.272727 0.314921
0.363636 0.157461
0.272727 0.314921
0.454545 0.314921
0.545454 0.157461
0.454545 0.314921
0.636363 0.314921
0.818181 0.314921
0.636363 0.314921
0.727272 0.472382
1.0 0.314921
0.818181 0.314921
0.90909 0.472382
0.272727 0.314921
0.090909 0.314921
0.181818 0.472382
0.454545 0.314921
0.272727 0.314921
0.363636 0.472382
0.636363 0.314921
0.454545 0.314921
0.545454 0.472382

1.0 0.907168 0.60931 1.0
1.0 0.907168 0.60931 1.0
1.0 0.907168 0.60931 1.0
1.0 0.907168 0.60931 1.0
1.0 0.907168 0.60931 1.0
1.0 0.907168 0.60931 1.0
1.0 0.907168 0.60931 1.0
1.0 0.907168 0.60931 1.0
1.0 0.907168 0.60931 1.0
1.0 0.907168 0.60931 1.0
1.0 0.907168 0.60931 1.0
1.0 0.907168 0.60931 1.0
1.0 0.907168 0.60931 1.0
1.0 0.907168 0.60931 1.0
1.0 0.907168 0.60931 1.0
1.0 0.907168 0.60931 1.0
1.0 0.907168 0.60931 1.0
1.0 0.907168 0.60931 1.0
1.0 0.907168 0.60931 1.0
1.0 0.907168 0.60931 1.0
1.0 0.907168 0.60931 1.0
1.0 0.907168 0.60931 1.0
1.0 0.907168 0.60931 1.0
1.0 0.907168 0.60931 1.0
1.0 0.907168 0.60931 1.0
1.0 0.907168 0.60931 1.0
1.0 0.907168 0.60931 1.0
1.0 0.907168 0.60931 1.0
1.0 0.907168 0.60931 1.0
1.0 0.907168 0.60931 1.0
1.0 0.907168 0.60931 1.0
1.0 0.907168 0.60931 1.0
1.0 0.907168 0.60931 1.0
1.0 0.907168 0.60931 1.0
1.0 0.907168 0.60931 1.0
1.0 0.907168 0.60931 1.0
1.0 0.907168 0.60931 1.0
1.0 0.907168 0.60931 1.0
1.0 0.907168 0.60931 1.0
1.0 0.907168 0.60931 1.0
0.098971 0.625945 0.663461 1.0
0.098971 0.625945 0.663461 1.0
0.098971 0.625945 0.663461 1.0
0.098971 0.625945 0.663461 1.0
0.098971 0.625945 0.663461 1.0
0.098971 0.625945 0.663461 1.0
0.098971 0.625945 0.663461 1.0
0.098971 0.625945 0.663461 1.0
0.098971 0.625945 0.663461 1.0
0.098971 0.625945 0.663461 1.0
0.098971 0.625945 0.663461 1.0
0.098971 0.625945 0.663461 1.0
0.098971 0.625945 0.663461 1.0
0.098971 0.625945 0.663461 1.0
0.098971 0.625945 0.663461 1.0
0.098971 0.625945 0.663461 1.0
0.098971 0.625945 0.663461 1.0
0.098971 0.625945 0.663461 1.0
0.098971 0.625945 0.663461 1.0
0.098971 0.625945 0.663461 1.0
0.098971 0.625945 0.663461 1.0
0.098971 0.625945 0.663461 1.0
0.098971 0.625945 0.663461 1.0
0.098971 0.625945 0.663461 1.0
0.098971 0.625945 0.663461 1.0
0.098971 0.625945 0.663461 1.0
0.098971 0.625945 0.663461 1.0
0.098971 0.625945 0.663461 1.0
0.098971 0.625945 0.663461 1.0
0.098971 0.625945 0.663461 1.0
0.098971 0.625945 0.663461 1.0
0.098971 0.625945 0.663461 1.0
0.098971 0.625945 0.663461 1.0
0.098971 0.625945 0.663461 1.0
0.098971 0.625945 0.663461 1.0
0.098971 0.625945 0.663461 1.0
0.098971 0.625945 0.663461 1.0
0.098971 0.625945 0.663461 1.0
0.098971 0.625945 0.663461 1.0
0.098971 0.625945 0.663461 1.0
0.098971 0.625945 0.663461 1.0
0.098971 0.625945 0.663461 1.0
0.098971 0.625945 0.663461 1.0
0.098971 0.625945 0.663461 1.0
0.098971 0.625945 0.663461 1.0
0.098971 0.625945 0.663461 1.0
0.098971 0.625945 0.663461 1.0
0.098971 0.625945 0.663461 1.0
0.098971 0.625945 0.663461 1.0
0.098971 0.625945 0.663461 1.0
0.098971 0.625945 0.663461 1.0
0.098971 0.625945 0.663461 1.0
0.098971 0.625945 0.663461 1.0
0.098971 0.625945 0.663461 1.0
0.098971 0.625945 0.663461 1.0
0.098971 0.625945 0.663461 1.0
0.098971 0.625945 0.663461 1.0
0.098971 0.625945 0.663461 1.0
0.098971 0.625945 0.663461 1.0
0.098971 0.625945 0.663461 1.0
0.098971 0.625945 0.663461 1.0
0.098971 0.625945 0.663461 1.0
0.098971 0.625945 0.663461 1.0
0.098971 0.625945 0.663461 1.0
0.098971 0.625945 0.663461 1.0
0.098971 0.625945 0.663461 1.0
0.098971 0.625945 0.663461 1.0
0.098971 0.625945 0.663461 1.0
0.098971 0.625945 0.663461 1.0
0.098971 0.625945 0.663461 1.0
0.098971 0.625945 0.663461 1.0
0.098971 0.625945 0.663461 1.0
0.098971 0.625945 0.663461 1.0
0.098971 0.625945 0.663461 1.0
0.098971 0.625945 0.663461 1.0
0.098971 0.625945 0.663461 1.0
0.098971 0.625945 0.663461 1.0
0.098971 0.625945 0.663461 1.0
0.098971 0.625945 0.663461 1.0
0.098971 0.625945 0.663461 1.0
0.098971 0.625945 0.663461 1.0
0.098971 0.625945 0.663461 1.0
0.098971 0.625945 0.663461 1.0
0.098971 0.625945 0.663461 1.0
0.098971 0.625945 0.663461 1.0
0.098971 0.625945 0.663461 1.0
0.098971 0.625945 0.663461 1.0
0.098971 0.625945 0.663461 1.0
0.098971 0.625945 0.663461 1.0
0.098971 0.625945 0.663461 1.0
0.098971 0.625945 0.663461 1.0
0.098971 0.625945 0.663461 1.0
0.098971 0.625945 0.663461 1.0
0.098971 0.625945 0.663461 1.0
0.098971 0.625945 0.663461 1.0
0.098971 0.625945 0.663461 1.0
0.098971 0.625945 0.663461 1.0
0.098971 0.625945 0.663461 1.0
0.098971 0.625945 0.663461 1.0
0.098971 0.625945 0.663461 1.0
0.098971 0.625945 0.663461 1.0
0.098971 0.625945 0.663461 1.0
0.098971 0.625945 0.663461 1.0
0.098971 0.625945 0.663461 1.0
0.098971 0.625945 0.663461 1.0
0.098971 0.625945 0.663461 1.0
0.098971 0.625945 0.663461 1.0
0.098971 0.625945 0.663461 1.0
0.098971 0.625945 0.663461 1.0
0.098971 0.625945 0.663461 1.0
0.098971 0.625945 0.663461 1.0
0.098971 0.625945 0.663461 1.0
0.098971 0.625945 0.663461 1.0
0.098971 0.625945 0.663461 1.0
0.098971 0.625945 0.663461 1.0
0.098971 0.625945 0.663461 1.0
0.098971 0.625945 0.663461 1.0
0.098971 0.625945 0.663461 1.0
0.098971 0.625945 0.663461 1.0
0.098971 0.625945 0.663461 1.0
0.098971 0.625945 0.663461 1.0
0.098971 0.625945 0.663461 1.0
0.098971 0.625945 0.663461 1.0
0.098971 0.625945 0.663461 1.0
0.098971 0.625945 0.663461 1.0
0.098971 0.625945 0.663461 1.0
0.098971 0.625945 0.663461 1.0
0.098971 0.625945 0.663461 1.0
0.098971 0.625945 0.663461 1.0
0.098971 0.625945 0.663461 1.0
0.098971 0.625945 0.663461 1.0
0.098971 0.625945 0.663461 1.0
0.098971 0.625945 0.663461 1.0
0.098971 0.625945 0.663461 1.0
0.098971 0.625945 0.663461 1.0
0.098971 0.625945 0.663461 1.0
0.098971 0.625945 0.663461 1.0
0.098971 0.625945 0.663461 1.0
0.098971 0.625945 0.663461 1.0
0.098971 0.625945 0.663461 1.0
0.098971 0.625945 0.663461 1.0
0.098971 0.625945 0.663461 1.0
0.098971 0.625945 0.663461 1.0
0.098971 0.625945 0.663461 1.0
0.098971 0.625945 0.663461 1.0
0.098971 0.625945 0.663461 1.0
0.098971 0.625945 0.663461 1.0
0.098971 0.625945 0.663461 1.0
0.098971 0.625945 0.663461 1.0
0.098971 0.625945 0.663461 1.0
0.098971 0.625945 0.663461 1.0
0.098971 0.625945 0.663461 1.0
0.098971 0.625945 0.663461 1.0
0.098971 0.625945 0.663461 1.0
0.098971 0.625945 0.663461 1.0
0.098971 0.625945 0.663461 1.0
0.098971 0.625945 0.663461 1.0
0.098971 0.625945 0.663461 1.0
0.098971 0.625945 0.663461 1.0
0.098971 0.625945 0.663461 1.0
1.0 0.907168 0.60931 1.0
1.0 0.907168 0.60931 1.0
1.0 0.907168 0.60931 1.0
1.0 0.907168 0.60931 1.0
1.0 0.907168 0.60931 1.0
1.0 0.907168 0.60931 1.0
1.0 0.907168 0.60931 1.0
1.0 0.907168 0.60931 1.0
1.0 0.907168 0.60931 1.0
1.0 0.907168 0.60931 1.0
1.0 0.907168 0.60931 1.0
1.0 0.907168 0.60931 1.0
1.0 0.907168 0.60931 1.0
1.0 0.907168 0.60931 1.0
1.0 0.907168 0.60931 1.0
1.0 0.907168 0.60931 1.0
1.0 0.907168 0.60931 1.0
1.0 0.907168 0.60931 1.0
1.0 0.907168 0.60931 1.0
1.0 0.907168 0.60931 1.0
1.0 0.907168 0.60931 1.0
1.0 0.907168 0.60931 1.0
1.0 0.907168 0.60931 1.0
1.0 0.907168 0.60931 1.0
1.0 0.907168 0.60931 1.0
1.0 0.907168 0.60931 1.0
1.0 0.907168 0.60931 1.0
1.0 0.907168 0.60931 1.0
1.0 0.907168 0.60931 1.0
1.0 0.907168 0.60931 1.0
1.0 0.907168 0.60931 1.0
1.0 0.907168 0.60931 1.0
1.0 0.907168 0.60931 1.0
1.0 0.907168 0.60931 1.0
1.0 0.907168 0.60931 1.0
1.0 0.907168 0.60931 1.0
1.0 0.907168 0.60931 1.0
1.0 0.907168 0.60931 1.0
1.0 0.907168 0.60931 1.0
1.0 0.907168 0.60931 1.0
0.1971 0.258865 1.0 1.0
0.1971 0.258865 1.0 1.0
0.1971 0.258865 1.0 1.0
0.1971 0.258865 1.0 1.0
0.1971 0.258865 1.0 1.0
0.1971 0.258865 1.0 1.0
0.1971 0.258865 1.0 1.0
0.1971 0.258865 1.0 1.0
0.1971 0.258865 1.0 1.0
0.1971 0.258865 1.0 1.0
0.1971 0.258865 1.0 1.0
0.1971 0.258865 1.0 1.0
0.1971 0.258865 1.0 1.0
0.1971 0.258865 1.0 1.0
0.1971 0.258865 1.0 1.0
0.1971 0.258865 1.0 1.0
0.1971 0.258865 1.0 1.0
0.1971 0.258865 1.0 1.0
0.1971 0.258865 1.0 1.0
0.1971 0.258865 1.0 1.0
0.1971 0.258865 1.0 1.0
0.1971 0.258865 1.0 1.0
0.1971 0.258865 1.0 1.0
0.1971 0.258865 1.0 1.0
0.1971 0.258865 1.0 1.0
0.1971 0.258865 1.0 1.0
0.1971 0.258865 1.0 1.0
0.1971 0.258865 1.0 1.0
0.1971 0.258865 1.0 1.0
0.1971 0.258865 1.0 1.0
0.1971 0.258865 1.0 1.0
0.1971 0.258865 1.0 1.0
0.1971 0.258865 1.0 1.0
0.1971 0.258865 1.0 1.0
0.1971 0.258865 1.0 1.0
0.1971 0.258865 1.0 1.0
0.1971 0.258865 1.0 1.0
0.1971 0.258865 1.0 1.0
0.1971 0.258865 1.0 1.0
0.1971 0.258865 1.0 1.0
0.1971 0.258865 1.0 1.0
0.1971 0.258865 1.0 1.0
0.1971 0.258865 1.0 1.0
0.1971 0.258865 1.0 1.0
0.1971 0.258865 1.0 1.0
0.1971 0.258865 1.0 1.0
0.1971 0.258865 1.0 1.0
0.1971 0.258865 1.0 1.0
0.1971 0.258865 1.0 1.0
0.1971 0.258865 1.0 1.0
0.1971 0.258865 1.0 1.0
0.1971 0.258865 1.0 1.0
0.1971 0.258865 1.0 1.0
0.1971 0.258865 1.0 1.0
0.1971 0.258865 1.0 1.0
0.1971 0.258865 1.0 1.0
0.1971 0.258865 1.0 1.0
0.1971 0.258865 1.0 1.0
0.1971 0.258865 1.0 1.0
0.1971 0.258865 1.0 1.0
0.1971 0.258865 1.0 1.0
0.1971 0.258865 1.0 1.0
0.1971 0.258865 1.0 1.0
0.1971 0.258865 1.0 1.0
0.1971 0.258865 1.0 1.0
0.1971 0.258865 1.0 1.0
0.1971 0.258865 1.0 1.0
0.1971 0.258865 1.0 1.0
0.1971 0.258865 1.0 1.0
0.1971 0.258865 1.0 1.0
0.1971 0.258865 1.0 1.0
0.1971 0.258865 1.0 1.0
0.1971 0.258865 1.0 1.0
0.1971 0.258865 1.0 1.0
0.1971 0.258865 1.0 1.0
0.1971 0.258865 1.0 1.0
0.1971 0.258865 1.0 1.0
0.1971 0.258865 1.0 1.0
0.1971 0.258865 1.0 1.0
0.1971 0.258865 1.0 1.0
0.1971 0.258865 1.0 1.0
0.1971 0.258865 1.0 1.0
0.1971 0.258865 1.0 1.0
0.1971 0.258865 1.0 1.0
0.880484 0.962334 1.0 1.0
0.880484 0.962334 1.0 1.0
0.880484 0.962334 1.0 1.0
0.880484 0.962334 1.0 1.0
0.880484 0.962334 1.0 1.0
0.880484 0.962334 1.0 1.0
0.880484 0.962334 1.0 1.0
0.880484 0.962334 1.0 1.0
0.880484 0.962334 1.0 1.0
0.880484 0.962334 1.0 1.0
0.880484 0.962334 1.0 1.0
0.880484 0.962334 1.0 1.0
0.880484 0.962334 1.0 1.0
0.880484 0.962334 1.0 1.0
0.880484 0.962334 1.0 1.0
0.880484 0.962334 1.0 1.0
0.880484 0.962334 1.0 1.0
0.880484 0.962334 1.0 1.0
0.880484 0.962334 1.0 1.0
0.880484 0.962334 1.0 1.0
0.880484 0.962334 1.0 1.0
0.880484 0.962334 1.0 1.0
0.880484 0.962334 1.0 1.0
0.880484 0.962334 1.0 1.0
0.880484 0.962334 1.0 1.0
0.880484 0.962334 1.0 1.0
0.880484 0.962334 1.0 1.0
0.880484 0.962334 1.0 1.0
0.880484 0.962334 1.0 1.0
0.880484 0.962334 1.0 1.0
0.880484 0.962334 1.0 1.0
0.880484 0.962334 1.0 1.0
0.880484 0.962334 1.0 1.0
0.880484 0.962334 1.0 1.0
0.880484 0.962334 1.0 1.0
0.880484 0.962334 1.0 1.0
0.880484 0.962334 1.0 1.0
0.880484 0.962334 1.0 1.0
0.880484 0.962334 1.0 1.0
0.880484 0.962334 1.0 1.0
0.880484 0.962334 1.0 1.0
0.880484 0.962334 1.0 1.0
0.880484 0.962334 1.0 1.0
0.880484 0.962334 1.0 1.0
0.880484 0.962334 1.0 1.0
0.880484 0.962334 1.0 1.0
0.880484 0.962334 1.0 1.0
0.880484 0.962334 1.0 1.0
0.880484 0.962334 1.0 1.0
0.880484 0.962334 1.0 1.0
0.880484 0.962334 1.0 1.0
0.880484 0.962334 1.0 1.0
0.880484 0.962334 1.0 1.0
0.880484 0.962334 1.0 1.0
0.880484 0.962334 1.0 1.0
0.880484 0.962334 1.0 1.0
0.880484 0.962334 1.0 1.0
0.880484 0.962334 1.0 1.0
0.880484 0.962334 1.0 1.0
0.880484 0.962334 1.0 1.0
0.880484 0.962334 1.0 1.0
0.880484 0.962334 1.0 1.0
0.880484 0.962334 1.0 1.0
0.880484 0.962334 1.0 1.0
0.880484 0.962334 1.0 1.0
0.880484 0.962334 1.0 1.0
0.880484 0.962334 1.0 1.0
0.880484 0.962334 1.0 1.0
0.880484 0.962334 1.0 1.0
0.880484 0.962334 1.0 1.0
0.880484 0.962334 1.0 1.0
0.880484 0.962334 1.0 1.0
0.880484 0.962334 1.0 1.0
0.880484 0.962334 1.0 1.0
0.880484 0.962334 1.0 1.0
0.880484 0.962334 1.0 1.0
0.880484 0.962334 1.0 1.0
0.880484 0.962334 1.0 1.0
0.880484 0.962334 1.0 1.0
0.880484 0.962334 1.0 1.0
0.880484 0.962334 1.0 1.0
0.880484 0.962334 1.0 1.0
0.880484 0.962334 1.0 1.0
0.880484 0.962334 1.0 1.0
0.880484 0.962334 1.0 1.0
0.880484 0.962334 1.0 1.0
0.880484 0.962334 1.0 1.0
0.880484 0.962334 1.0 1.0
0.880484 0.962334 1.0 1.0
0.880484 0.962334 1.0 1.0
0.880484 0.962334 1.0 1.0
0.880484 0.962334 1.0 1.0
0.880484 0.962334 1.0 1.0
0.880484 0.962334 1.0 1.0
0.880484 0.962334 1.0 1.0
0.880484 0.962334 1.0 1.0
0.880484 0.962334 1.0 1.0
0.880484 0.962334 1.0 1.0
0.880484 0.962334 1.0 1.0
0.880484 0.962334 1.0 1.0
0.880484 0.962334 1.0 1.0
0.880484 0.962334 1.0 1.0
0.880484 0.962334 1.0 1.0
0.880484 0.962334 1.0 1.0
0.880484 0.962334 1.0 1.0
0.880484 0.962334 1.0 1.0
0.880484 0.962334 1.0 1.0
0.880484 0.962334 1.0 1.0
0.880484 0.962334 1.0 1.0
0.880484 0.962334 1.0 1.0
0.880484 0.962334 1.0 1.0
0.880484 0.962334 1.0 1.0
0.880484 0.962334 1.0 1.0
0.880484 0.962334 1.0 1.0
0.880484 0.962334 1.0 1.0
0.880484 0.962334 1.0 1.0
0.880484 0.962334 1.0 1.0
0.880484 0.962334 1.0 1.0
0.880484 0.962334 1.0 1.0
0.880484 0.962334 1.0 1.0
0.880484 0.962334 1.0 1.0
0.880484 0.962334 1.0 1.0
0.880484 0.962334 1.0 1.0
0.880484 0.962334 1.0 1.0
0.880484 0.962334 1.0 1.0
0.880484 0.962334 1.0 1.0
0.880484 0.962334 1.0 1.0
0.880484 0.962334 1.0 1.0
0.880484 0.962334 1.0 1.0
0.880484 0.962334 1.0 1.0
0.880484 0.962334 1.0 1.0
0.880484 0.962334 1.0 1.0
0.880484 0.962334 1.0 1.0
0.880484 0.962334 1.0 1.0
0.880484 0.962334 1.0 1.0
0.880484 0.962334 1.0 1.0
0.880484 0.962334 1.0 1.0
0.880484 0.962334 1.0 1.0
0.880484 0.962334 1.0 1.0
0.880484 0.962334 1.0 1.0
0.880484 0.962334 1.0 1.0
0.880484 0.962334 1.0 1.0
0.880484 0.962334 1.0 1.0
0.880484 0.962334 1.0 1.0
0.880484 0.962334 1.0 1.0
0.880484 0.962334 1.0 1.0
0.880484 0.962334 1.0 1.0
0.880484 0.962334 1.0 1.0
0.880484 0.962334 1.0 1.0
0.880484 0.962334 1.0 1.0
0.880484 0.962334 1.0 1.0
0.880484 0.962334 1.0 1.0
0.880484 0.962334 1.0 1.0
0.880484 0.962334 1.0 1.0
0.880484 0.962334 1.0 1.0
0.880484 0.962334 1.0 1.0
0.880484 0.962334 1.0 1.0
0.880484 0.962334 1.0 1.0
0.1971 0.258865 1.0 1.0
0.1971 0.258865 1.0 1.0
0.1971 0.258865 1.0 1.0
0.1971 0.258865 1.0 1.0
0.1971 0.258865 1.0 1.0
0.1971 0.258865 1.0 1.0
0.1971 0.258865 1.0 1.0
0.1971 0.258865 1.0 1.0
0.1971 0.258865 1.0 1.0
0.1971 0.258865 1.0 1.0
0.1971 0.258865 1.0 1.0
0.1971 0.258865 1.0 1.0
0.1971 0.258865 1.0 1.0
0.1971 0.258865 1.0 1.0
0.1971 0.258865 1.0 1.0
0.1971 0.258865 1.0 1.0
0.1971 0.258865 1.0 1.0
0.1971 0.258865 1.0 1.0
0.1971 0.258865 1.0 1.0
0.1971 0.258865 1.0 1.0
0.1971 0.258865 1.0 1.0
0.1971 0.258865 1.0 1.0
0.1971 0.258865 1.0 1.0
0.1971 0.258865 1.0 1.0
0.1971 0.258865 1.0 1.0
0.1971 0.258865 1.0 1.0
0.1971 0.258865 1.0 1.0
0.1971 0.258865 1.0 1.0
0.1971 0.258865 1.0 1.0
0.1971 0.258865 1.0 1.0
0.1971 0.258865 1.0 1.0
0.1971 0.258865 1.0 1.0
0.1971 0.258865 1.0 1.0
0.1971 0.258865 1.0 1.0
0.1971 0.258865 1.0 1.0
0.1971 0.258865 1.0 1.0
0.1971 0.258865 1.0 1.0
0.1971 0.258865 1.0 1.0
0.1971 0.258865 1.0 1.0
0.1971 0.258865 1.0 1.0
0.1971 0.258865 1.0 1.0
0.1971 0.258865 1.0 1.0
0.1971 0.258865 1.0 1.0
0.1971 0.258865 1.0 1.0
0.1971 0.258865 1.0 1.0
0.1971 0.258865 1.0 1.0
0.1971 0.258865 1.0 1.0
0.1971 0.258865 1.0 1.0
0.1971 0.258865 1.0 1.0
0.1971 0.258865 1.0 1.0
0.1971 0.258865 1.0 1.0
0.1971 0.258865 1.0 1.0
0.1971 0.258865 1.0 1.0
0.1971 0.258865 1.0 1.0
0.1971 0.258865 1.0 1.0
0.1971 0.258865 1.0 1.0
0.1971 0.258865 1.0 1.0
0.1971 0.258865 1.0 1.0
0.1971 0.258865 1.0 1.0
0.1971 0.258865 1.0 1.0
0.1971 0.258865 1.0 1.0
0.1971 0.258865 1.0 1.0
0.8 0.74877 0.024014 1.0
0.8 0.74877 0.024014 1.0
0.8 0.74877 0.024014 1.0
0.8 0.74877 0.024014 1.0
0.0 0.670324 0.8 1.0
0.0 0.670324 0.8 1.0
0.0 0.670324 0.8 1.0
0.0 0.670324 0.8 1.0
0.0 0.670324 0.8 1.0
0.0 0.670324 0.8 1.0
0.0 0.670324 0.8 1.0
0.0 0.670324 0.8 1.0
0.0 0.670324 0.8 1.0
0.0 0.670324 0.8 1.0
0.0 0.670324 0.8 1.0
0.0 0.670324 0.8 1.0
0.0 0.670324 0.8 1.0
0.0 0.670324 0.8 1.0
0.0 0.670324 0.8 1.0
0.0 0.670324 0.8 1.0
0.0 0.670324 0.8 1.0
0.0 0.670324 0.8 1.0
0.0 0.670324 0.8 1.0
0.0 0.670324 0.8 1.0
0.0 0.670324 0.8 1.0
0.0 0.670324 0.8 1.0
0.0 0.670324 0.8 1.0
0.0 0.670324 0.8 1.0
0.0 0.670324 0.8 1.0
0.0 0.670324 0.8 1.0
0.0 0.670324 0.8 1.0
0.0 0.670324 0.8 1.0
0.0 0.670324 0.8 1.0
0.0 0.670324 0.8 1.0
0.0 0.670324 0.8 1.0
0.0 0.670324 0.8 1.0
0.0 0.670324 0.8 1.0
0.0 0.670324 0.8 1.0
0.0 0.670324 0.8 1.0
0.0 0.670324 0.8 1.0
0.0 0.670324 0.8 1.0
0.0 0.670324 0.8 1.0
0.0 0.670324 0.8 1.0
0.0 0.670324 0.8 1.0
0.0 0.670324 0.8 1.0
0.0 0.670324 0.8 1.0
0.0 0.670324 0.8 1.0
0.0 0.670324 0.8 1.0
0.0 0.670324 0.8 1.0
0.0 0.670324 0.8 1.0
0.0 0.670324 0.8 1.0
0.0 0.670324 0.8 1.0
0.0 0.670324 0.8 1.0
0.0 0.670324 0.8 1.0
0.0 0.670324 0.8 1.0
0.0 0.670324 0.8 1.0
0.0 0.670324 0.8 1.0
0.0 0.670324 0.8 1.0
0.0 0.670324 0.8 1.0
0.0 0.670324 0.8 1.0
0.0 0.670324 0.8 1.0
0.0 0.670324 0.8 1.0
0.0 0.670324 0.8 1.0
0.0 0.670324 0.8 1.0
0.0 0.670324 0.8 1.0
0.0 0.670324 0.8 1.0
0.0 0.670324 0.8 1.0
0.0 0.670324 0.8 1.0
0.0 0.670324 0.8 1.0
0.0 0.670324 0.8 1.0
0.0 0.670324 0.8 1.0
0.0 0.670324 0.8 1.0
0.0 0.670324 0.8 1.0
0.0 0.670324 0.8 1.0
0.0 0.670324 0.8 1.0
0.0 0.670324 0.8 1.0
0.0 0.670324 0.8 1.0
0.0 0.670324 0.8 1.0
0.0 0.670324 0.8 1.0
0.0 0.670324 0.8 1.0
0.0 0.670324 0.8 1.0
0.0 0.670324 0.8 1.0
0.0 0.670324 0.8 1.0
0.0 0.670324 0.8 1.0
0.0 0.670324 0.8 1.0
0.0 0.670324 0.8 1.0
0.0 0.670324 0.8 1.0
0.0 0.670324 0.8 1.0
0.0 0.670324 0.8 1.0
0.0 0.670324 0.8 1.0
0.0 0.670324 0.8 1.0
0.0 0.670324 0.8 1.0
0.0 0.670324 0.8 1.0
0.0 0.670324 0.8 1.0
0.0 0.670324 0.8 1.0
0.0 0.670324 0.8 1.0
0.0 0.670324 0.8 1.0
0.0 0.670324 0.8 1.0
0.0 0.670324 0.8 1.0
0.0 0.670324 0.8 1.0
0.0 0.670324 0.8 1.0
0.0 0.670324 0.8 1.0
0.0 0.670324 0.8 1.0
0.0 0.670324 0.8 1.0
0.0 0.670324 0.8 1.0
0.0 0.670324 0.8 1.0
0.0 0.670324 0.8 1.0
0.0 0.670324 0.8 1.0
0.0 0.670324 0.8 1.0
0.0 0.670324 0.8 1.0
0.0 0.670324 0.8 1.0
0.0 0.670324 0.8 1.0
0.0 0.670324 0.8 1.0
0.0 0.670324 0.8 1.0
0.0 0.670324 0.8 1.0
0.0 0.670324 0.8 1.0
0.0 0.670324 0.8 1.0
0.0 0.670324 0.8 1.0
0.0 0.670324 0.8 1.0
0.0 0.670324 0.8 1.0
0.0 0.670324 0.8 1.0
0.0 0.670324 0.8 1.0
0.0 0.670324 0.8 1.0
0.0 0.670324 0.8 1.0
0.383124 0.988423 1.0 1.0
0.383124 0.988423 1.0 1.0
0.383124 0.988423 1.0 1.0
0.383124 0.988423 1.0 1.0
0.383124 0.988423 1.0 1.0
0.383124 0.988423 1.0 1.0
0.383124 0.988423 1.0 1.0
0.383124 0.988423 1.0 1.0
0.383124 0.988423 1.0 1.0
0.383124 0.988423 1.0 1.0
0.383124 0.988423 1.0 1.0
0.383124 0.988423 1.0 1.0
0.383124 0.988423 1.0 1.0
0.383124 0.988423 1.0 1.0
0.383124 0.988423 1.0 1.0
0.383124 0.988423 1.0 1.0
0.383124 0.988423 1.0 1.0
0.383124 0.988423 1.0 1.0
0.383124 0.988423 1.0 1.0
0.383124 0.988423 1.0 1.0
0.383124 0.988423 1.0 1.0
0.383124 0.988423 1.0 1.0
0.383124 0.988423 1.0 1.0
0.383124 0.988423 1.0 1.0
0.383124 0.988423 1.0 1.0
0.383124 0.988423 1.0 1.0
0.383124 0.988423 1.0 1.0
0.383124 0.988423 1.0 1.0
0.383124 0.988423 1.0 1.0
0.383124 0.988423 1.0 1.0
0.383124 0.988423 1.0 1.0
0.383124 0.988423 1.0 1.0
0.383124 0.988423 1.0 1.0
0.383124 0.988423 1.0 1.0
0.383124 0.988423 1.0 1.0
0.383124 0.988423 1.0 1.0
0.383124 0.988423 1.0 1.0
0.383124 0.988423 1.0 1.0
0.383124 0.988423 1.0 1.0
0.383124 0.988423 1.0 1.0
0.383124 0.988423 1.0 1.0
0.383124 0.988423 1.0 1.0
0.383124 0.988423 1.0 1.0
0.383124 0.988423 1.0 1.0
0.383124 0.988423 1.0 1.0
0.383124 0.988423 1.0 1.0
0.383124 0.988423 1.0 1.0
0.383124 0.988423 1.0 1.0
0.383124 0.988423 1.0 1.0
0.383124 0.988423 1.0 1.0
0.383124 0.988423 1.0 1.0
0.383124 0.988423 1.0 1.0
0.383124 0.988423 1.0 1.0
0.383124 0.988423 1.0 1.0
0.383124 0.988423 1.0 1.0
0.383124 0.988423 1.0 1.0
0.383124 0.988423 1.0 1.0
0.383124 0.988423 1.0 1.0
0.383124 0.988423 1.0 1.0
0.383124 0.988423 1.0 1.0
0.383124 0.988423 1.0 1.0
0.383124 0.988423 1.0 1.0
0.383124 0.988423 1.0 1.0
0.383124 0.988423 1.0 1.0
0.383124 0.988423 1.0 1.0
0.383124 0.988423 1.0 1.0
0.383124 0.988423 1.0 1.0
0.383124 0.988423 1.0 1.0
0.383124 0.988423 1.0 1.0
0.383124 0.988423 1.0 1.0
0.383124 0.988423 1.0 1.0
0.383124 0.988423 1.0 1.0
0.383124 0.988423 1.0 1.0
0.383124 0.988423 1.0 1.0
0.383124 0.988423 1.0 1.0
0.383124 0.988423 1.0 1.0
0.383124 0.988423 1.0 1.0
0.383124 0.988423 1.0 1.0
0.383124 0.988423 1.0 1.0
0.383124 0.988423 1.0 1.0
0.8 0.029553 0.025664 1.0
0.8 0.029553 0.025664 1.0
0.8 0.029553 0.025664 1.0
0.8 0.029553 0.025664 1.0
0.8 0.029553 0.025664 1.0
0.8 0.029553 0.025664 1.0
0.8 0.029553 0.025664 1.0
0.8 0.029553 0.025664 1.0
0.8 0.029553 0.025664 1.0
0.8 0.029553 0.025664 1.0
0.8 0.029553 0.025664 1.0
0.8 0.029553 0.025664 1.0
0.8 0.029553 0.025664 1.0
0.8 0.029553 0.025664 1.0
0.8 0.029553 0.025664 1.0
0.8 0.029553 0.025664 1.0
0.8 0.029553 0.025664 1.0
0.8 0.029553 0.025664 1.0
0.8 0.029553 0.025664 1.0
0.8 0.029553 0.025664 1.0
0.8 0.029553 0.025664 1.0
0.8 0.029553 0.025664 1.0
0.8 0.029553 0.025664 1.0
0.8 0.029553 0.025664 1.0
0.8 0.029553 0.025664 1.0
0.8 0.029553 0.025664 1.0
0.8 0.029553 0.025664 1.0
0.8 0.029553 0.025664 1.0
0.8 0.029553 0.025664 1.0
0.8 0.029553 0.025664 1.0
0.8 0.029553 0.025664 1.0
0.8 0.029553 0.025664 1.0
0.8 0.029553 0.025664 1.0
0.8 0.029553 0.025664 1.0
0.8 0.029553 0.025664 1.0
0.8 0.029553 0.025664 1.0
0.8 0.029553 0.025664 1.0
0.8 0.029553 0.025664 1.0
0.8 0.029553 0.025664 1.0
0.8 0.029553 0.025664 1.0
0.8 0.029553 0.025664 1.0
0.8 0.029553 0.025664 1.0
0.8 0.029553 0.025664 1.0
0.8 0.029553 0.025664 1.0
0.8 0.029553 0.025664 1.0
0.8 0.029553 0.025664 1.0
0.8 0.029553 0.025664 1.0
0.8 0.029553 0.025664 1.0
0.8 0.029553 0.025664 1.0
0.8 0.029553 0.025664 1.0
0.8 0.029553 0.025664 1.0
0.8 0.029553 0.025664 1.0
0.8 0.029553 0.025664 1.0
0.8 0.029553 0.025664 1.0
0.8 0.029553 0.025664 1.0
0.8 0.029553 0.025664 1.0
0.8 0.029553 0.025664 1.0
0.8 0.029553 0.025664 1.0
0.8 0.029553 0.025664 1.0
0.8 0.029553 0.025664 1.0

3 2 1
3 1 0
7 6 5
7 5 4
11 10 9
11 9 8
15 14 13
15 13 12
19 18 17
19 17 16
23 22 21
23 21 20
27 26 25
27 25 24
31 30 29
31 29 28
35 34 33
35 33 32
39 38 37
39 37 36
43 42 41
43 41 40
47 46 45
47 45 44
51 50 49
51 49 48
55 54 53
55 53 52
59 58 57
59 57 56
63 62 61
63 61 60
67 66 65
67 65 64
71 70 69
71 69 68
75 74 73
75 73 72
79 78 77
79 77 76
83 82 81
83 81 80
87 86 85
87 85 84
91 90 89
91 89 88
95 94 93
95 93 92
99 98 97
99 97 96
103 102 101
103 101 100
107 106 105
107 105 104
111 110 109
111 109 108
115 114 113
115 113 112
119 118 117
119 117 116
123 122 121
123 121 120
127 126 125
127 125 124
131 130 129
131 129 128
135 134 133
135 133 132
139 138 137
139 137 136
143 142 141
143 141 140
147 146 145
147 145 144
151 150 149
151 149 148
155 154 153
155 153 152
159 158 157
159 157 156
163 162 161
163 161 160
167 166 165
167 165 164
171 170 169
171 169 168
175 174 173
175 173 172
179 178 177
179 177 176
183 182 181
183 181 180
187 186 185
187 185 184
191 190 189
191 189 188
195 194 193
195 193 192
199 198 197
199 197 196
203 202 201
203 201 200
207 206 205
207 205 204
211 210 209
211 209 208
215 214 213
215 213 212
219 218 217
219 217 216
223 222 221
223 221 220
227 226 225
227 225 224
231 230 229
231 229 228
235 234 233
235 233 232
239 238 237
239 237 236
243 242 241
243 241 240
247 246 245
247 245 244
251 250 249
251 249 248
255 254 253
255 253 252
259 258 257
259 257 256
263 262 261
263 261 260
267 266 265
267 265 264
271 270 269
271 269 268
275 274 273
275 273 272
279 278 277
279 277 276
283 282 281
283 281 280
287 286 285
287 285 284
291 290 289
291 289 288
295 294 293
295 293 292
299 298 297
299 297 296
303 302 301
303 301 300
307 306 305
307 305 304
311 310 309
311 309 308
315 314 313
315 313 312
319 318 317
319 317 316
323 322 321
323 321 320
327 326 325
327 325 324
330 329 328
334 333 332
334 332 331
338 337 336
338 336 335
342 341 340
342 340 339
346 345 344
346 344 343
350 349 348
350 348 347
354 353 352
354 352 351
358 357 356
358 356 355
362 361 360
362 360 359
365 364 363
369 368 367
369 367 366
373 372 371
373 371 370
377 376 375
377 375 374
381 380 379
381 379 378
385 384 383
385 383 382
389 388 387
389 387 386
393 392 391
393 391 390
397 396 395
397 395 394
401 400 399
401 399 398
405 404 403
405 403 402
409 408 407
409 407 406
413 412 411
413 411 410
417 416 415
417 415 414
421 420 419
421 419 418
425 424 423
425 423 422
429 428 427
429 427 426
433 432 431
433 431 430
437 436 435
437 435 434
441 440 439
441 439 438
444 443 442
447 446 445
451 450 449
451 449 448
455 454 453
455 453 452
459 458 457
459 457 456
463 462 461
463 461 460
466 465 464
469 468 467
472 471 470
475 474 473
478 477 476
481 480 479
485 484 483
485 483 482
489 488 487
489 487 486
493 492 491
493 491 490
496 495 494
500 499 498
500 498 497
504 503 502
504 502 501
508 507 506
508 506 505
512 511 510
512 510 509
516 515 514
516 514 513
520 519 518
520 518 517
524 523 522
524 522 521
527 526 525
531 530 529
531 529 528
535 534 533
535 533 532
539 538 537
539 537 536
543 542 541
543 541 540
547 546 545
547 545 544
551 550 549
551 549 548
555 554 553
555 553 552
559 558 557
559 557 556
563 562 561
563 561 560
567 566 565
567 565 564
571 570 569
571 569 568
575 574 573
575 573 572
579 578 577
579 577 576
583 582 581
583 581 580
587 586 585
587 585 584
591 590 589
591 589 588
595 594 593
595 593 592
599 598 597
599 597 596
603 602 601
603 601 600
607 606 605
607 605 604
611 610 609
611 609 608
615 614 613
615 613 612
619 618 617
619 617 616
623 622 621
623 621 620
627 626 625
627 625 624
631 630 629
631 629 628
635 634 633
635 633 632
639 638 637
639 637 636
643 642 641
643 641 640
647 646 645
647 645 644
651 650 649
651 649 648
655 654 653
655 653 652
659 658 657
659 657 656
663 662 661
663 661 660
667 666 665
667 665 664
671 670 669
671 669 668
675 674 673
675 673 672
679 678 677
679 677 676
683 682 681
683 681 680
687 686 685
687 685 684
691 690 689
691 689 688
695 694 693
695 693 692
699 698 697
699 697 696
703 702 701
703 701 700
707 706 705
707 705 704
711 710 709
711 709 708
715 714 713
715 713 712
719 718 717
719 717 716
723 722 721
723 721 720
727 726 725
727 725 724
731 730 729
731 729 728
735 734 733
735 733 732
739 738 737
739 737 736
743 742 741
743 741 740
747 746 745
747 745 744
750 749 748
753 752 751
756 755 754
759 758 757
762 761 760
765 764 763
768 767 766
771 770 769
774 773 772
777 776 775
780 779 778
783 782 781
786 785 784
789 788 787
792 791 790
795 794 793
798 797 796
801 800 799
804 803 802
807 806 805
