1016 536 

-0.104427 0.528098 -0.076453
-0.078898 0.556942 -0.055843
-0.049656 0.549567 -0.090027
-0.063487 0.526684 -0.127962
-0.0 0.522307 -0.126397
-0.000959 0.548211 -0.0971
0.048246 0.552779 -0.090205
0.061357 0.516704 -0.121816
0.10787 0.519767 -0.0753
0.075209 0.560484 -0.055456
0.086372 0.552779 -0.0
0.128133 0.522307 -0.0
0.111503 0.410751 -0.078475
0.12833 0.410751 -0.0
0.117116 0.296937 -0.0
0.101785 0.296937 -0.072019
0.0813 0.229751 -0.059695
0.093385 0.229751 -0.0
0.060488 0.177839 -0.0
0.052836 0.177839 -0.041512
-0.0 0.410751 -0.127004
0.072354 0.410751 -0.13528
0.065963 0.296937 -0.12333
-0.0 0.296937 -0.116319
-0.115218 0.410751 -0.078413
-0.072354 0.410751 -0.13528
-0.065963 0.296937 -0.12333
-0.105335 0.296937 -0.07196
-0.085033 0.229751 -0.059633
-0.052209 0.229751 -0.097615
-0.033331 0.177839 -0.062318
-0.056385 0.177839 -0.041453
-0.0 0.229751 -0.097125
0.052209 0.229751 -0.097615
0.033331 0.177839 -0.062318
-0.0 0.177839 -0.068398
0.052209 0.229751 -0.097615
0.0813 0.229751 -0.059695
0.052836 0.177839 -0.041512
0.033331 0.177839 -0.062318
0.072354 0.410751 -0.13528
0.111503 0.410751 -0.078475
0.101785 0.296937 -0.072019
0.065963 0.296937 -0.12333
0.061357 0.516704 -0.121816
0.048246 0.552779 -0.090205
0.075209 0.560484 -0.055456
0.10787 0.519767 -0.0753
-0.052209 0.229751 -0.097615
-0.0 0.229751 -0.097125
-0.0 0.177839 -0.068398
-0.033331 0.177839 -0.062318
-0.072354 0.410751 -0.13528
-0.0 0.410751 -0.127004
-0.0 0.296937 -0.116319
-0.065963 0.296937 -0.12333
-0.063487 0.526684 -0.127962
-0.049656 0.549567 -0.090027
-0.000959 0.548211 -0.0971
-0.0 0.522307 -0.126397
-0.100793 0.229751 0.0
-0.085033 0.229751 -0.059633
-0.056385 0.177839 -0.041453
-0.069238 0.177839 0.0
-0.13357 0.410751 0.0
-0.115218 0.410751 -0.078413
-0.105335 0.296937 -0.07196
-0.122455 0.296937 0.0
-0.128317 0.534868 0.0
-0.093417 0.563185 0.0
-0.078898 0.556942 -0.055843
-0.104427 0.528098 -0.076453
-0.054947 0.542733 -0.042683
-0.066353 0.542733 0.0
0.059557 0.542733 -0.0
0.050657 0.542733 -0.044218
0.033916 0.542733 -0.065793
-0.0 0.542733 -0.070945
-0.034807 0.542733 -0.065658
-0.056385 0.177839 -0.041453
-0.033331 0.177839 -0.062318
-0.019706 0.165622 -0.035792
-0.032947 0.165622 -0.023809
-0.128317 0.534868 0.0
-0.104427 0.528098 -0.076453
-0.115218 0.410751 -0.078413
-0.13357 0.410751 0.0
-0.063487 0.526684 -0.127962
-0.0 0.522307 -0.126397
-0.0 0.410751 -0.127004
-0.072354 0.410751 -0.13528
0.061357 0.516704 -0.121816
0.10787 0.519767 -0.0753
0.111503 0.410751 -0.078475
0.072354 0.410751 -0.13528
-0.104427 0.528098 -0.076453
-0.063487 0.526684 -0.127962
-0.072354 0.410751 -0.13528
-0.115218 0.410751 -0.078413
-0.0 0.522307 -0.126397
0.061357 0.516704 -0.121816
0.072354 0.410751 -0.13528
-0.0 0.410751 -0.127004
0.10787 0.519767 -0.0753
0.128133 0.522307 -0.0
0.12833 0.410751 -0.0
0.111503 0.410751 -0.078475
-0.122455 0.296937 0.0
-0.105335 0.296937 -0.07196
-0.085033 0.229751 -0.059633
-0.100793 0.229751 0.0
-0.065963 0.296937 -0.12333
-0.0 0.296937 -0.116319
-0.0 0.229751 -0.097125
-0.052209 0.229751 -0.097615
0.065963 0.296937 -0.12333
0.101785 0.296937 -0.072019
0.0813 0.229751 -0.059695
0.052209 0.229751 -0.097615
-0.0 0.296937 -0.116319
0.065963 0.296937 -0.12333
0.052209 0.229751 -0.097615
-0.0 0.229751 -0.097125
-0.105335 0.296937 -0.07196
-0.065963 0.296937 -0.12333
-0.052209 0.229751 -0.097615
-0.085033 0.229751 -0.059633
0.101785 0.296937 -0.072019
0.117116 0.296937 -0.0
0.093385 0.229751 -0.0
0.0813 0.229751 -0.059695
0.033331 0.177839 -0.062318
0.052836 0.177839 -0.041512
0.029784 0.165622 -0.023843
0.018581 0.165622 -0.035792
-0.066353 0.542733 0.0
-0.054947 0.542733 -0.042683
-0.078898 0.556942 -0.055843
-0.093417 0.563185 0.0
-0.034807 0.542733 -0.065658
-0.0 0.542733 -0.070945
-0.000959 0.548211 -0.0971
-0.049656 0.549567 -0.090027
0.033916 0.542733 -0.065793
0.050657 0.542733 -0.044218
0.075209 0.560484 -0.055456
0.048246 0.552779 -0.090205
0.050657 0.542733 -0.044218
0.059557 0.542733 -0.0
0.086372 0.552779 -0.0
0.075209 0.560484 -0.055456
-0.0 0.542733 -0.070945
0.033916 0.542733 -0.065793
0.048246 0.552779 -0.090205
-0.000959 0.548211 -0.0971
-0.054947 0.542733 -0.042683
-0.034807 0.542733 -0.065658
-0.049656 0.549567 -0.090027
-0.078898 0.556942 -0.055843
-0.032947 0.165622 -0.023809
-0.019706 0.165622 -0.035792
-0.000562 0.165622 -0.039284
0.018581 0.165622 -0.035792
0.029784 0.165622 -0.023843
0.034179 0.165622 -0.0
-0.040329 0.165622 0.0
-0.033331 0.177839 -0.062318
-0.0 0.177839 -0.068398
-0.000562 0.165622 -0.039284
-0.019706 0.165622 -0.035792
-0.069238 0.177839 0.0
-0.056385 0.177839 -0.041453
-0.032947 0.165622 -0.023809
-0.040329 0.165622 0.0
-0.0 0.177839 -0.068398
0.033331 0.177839 -0.062318
0.018581 0.165622 -0.035792
-0.000562 0.165622 -0.039284
0.052836 0.177839 -0.041512
0.060488 0.177839 -0.0
0.034179 0.165622 -0.0
0.029784 0.165622 -0.023843
0.10787 0.519767 -0.0753
0.128133 0.522307 -0.0
0.12833 0.410751 -0.0
0.111503 0.410751 -0.078475
-0.104427 0.528098 0.076453
-0.063487 0.526684 0.127962
-0.049656 0.549567 0.090027
-0.078898 0.556942 0.055843
0.0 0.522307 0.126397
0.061357 0.516704 0.121816
0.048246 0.552779 0.090205
-0.000959 0.548211 0.0971
0.10787 0.519767 0.0753
0.128133 0.522307 -0.0
0.086372 0.552779 -0.0
0.075209 0.560484 0.055456
0.111503 0.410751 0.078475
0.101785 0.296937 0.072019
0.117116 0.296937 -0.0
0.12833 0.410751 -0.0
0.0813 0.229751 0.059695
0.052836 0.177839 0.041512
0.060488 0.177839 -0.0
0.093385 0.229751 -0.0
0.0 0.410751 0.127004
0.0 0.296937 0.116319
0.065963 0.296937 0.12333
0.072354 0.410751 0.13528
-0.115218 0.410751 0.078413
-0.105335 0.296937 0.07196
-0.065963 0.296937 0.12333
-0.072354 0.410751 0.13528
-0.085033 0.229751 0.059633
-0.056385 0.177839 0.041453
-0.033331 0.177839 0.062318
-0.052209 0.229751 0.097615
0.0 0.229751 0.097125
0.0 0.177839 0.068398
0.033331 0.177839 0.062318
0.052209 0.229751 0.097615
0.052209 0.229751 0.097615
0.033331 0.177839 0.062318
0.052836 0.177839 0.041512
0.0813 0.229751 0.059695
0.072354 0.410751 0.13528
0.065963 0.296937 0.12333
0.101785 0.296937 0.072019
0.111503 0.410751 0.078475
0.061357 0.516704 0.121816
0.10787 0.519767 0.0753
0.075209 0.560484 0.055456
0.048246 0.552779 0.090205
-0.052209 0.229751 0.097615
-0.033331 0.177839 0.062318
0.0 0.177839 0.068398
0.0 0.229751 0.097125
-0.072354 0.410751 0.13528
-0.065963 0.296937 0.12333
0.0 0.296937 0.116319
0.0 0.410751 0.127004
-0.063487 0.526684 0.127962
0.0 0.522307 0.126397
-0.000959 0.548211 0.0971
-0.049656 0.549567 0.090027
-0.100793 0.229751 0.0
-0.069238 0.177839 0.0
-0.056385 0.177839 0.041453
-0.085033 0.229751 0.059633
-0.13357 0.410751 0.0
-0.122455 0.296937 0.0
-0.105335 0.296937 0.07196
-0.115218 0.410751 0.078413
-0.128317 0.534868 0.0
-0.104427 0.528098 0.076453
-0.078898 0.556942 0.055843
-0.093417 0.563185 0.0
-0.054947 0.542733 0.042683
-0.034807 0.542733 0.065658
0.0 0.542733 0.070945
0.033916 0.542733 0.065793
0.050657 0.542733 0.044218
0.059557 0.542733 -0.0
-0.066353 0.542733 0.0
-0.056385 0.177839 0.041453
-0.032947 0.165622 0.023809
-0.019706 0.165622 0.035792
-0.033331 0.177839 0.062318
-0.128317 0.534868 0.0
-0.13357 0.410751 0.0
-0.115218 0.410751 0.078413
-0.104427 0.528098 0.076453
-0.063487 0.526684 0.127962
-0.072354 0.410751 0.13528
0.0 0.410751 0.127004
0.0 0.522307 0.126397
0.061357 0.516704 0.121816
0.072354 0.410751 0.13528
0.111503 0.410751 0.078475
0.10787 0.519767 0.0753
-0.104427 0.528098 0.076453
-0.115218 0.410751 0.078413
-0.072354 0.410751 0.13528
-0.063487 0.526684 0.127962
0.0 0.522307 0.126397
0.0 0.410751 0.127004
0.072354 0.410751 0.13528
0.061357 0.516704 0.121816
0.10787 0.519767 0.0753
0.111503 0.410751 0.078475
0.12833 0.410751 -0.0
0.128133 0.522307 -0.0
-0.122455 0.296937 0.0
-0.100793 0.229751 0.0
-0.085033 0.229751 0.059633
-0.105335 0.296937 0.07196
-0.065963 0.296937 0.12333
-0.052209 0.229751 0.097615
0.0 0.229751 0.097125
0.0 0.296937 0.116319
0.065963 0.296937 0.12333
0.052209 0.229751 0.097615
0.0813 0.229751 0.059695
0.101785 0.296937 0.072019
0.0 0.296937 0.116319
0.0 0.229751 0.097125
0.052209 0.229751 0.097615
0.065963 0.296937 0.12333
-0.105335 0.296937 0.07196
-0.085033 0.229751 0.059633
-0.052209 0.229751 0.097615
-0.065963 0.296937 0.12333
0.101785 0.296937 0.072019
0.0813 0.229751 0.059695
0.093385 0.229751 -0.0
0.117116 0.296937 -0.0
0.033331 0.177839 0.062318
0.018581 0.165622 0.035792
0.029784 0.165622 0.023843
0.052836 0.177839 0.041512
-0.066353 0.542733 0.0
-0.093417 0.563185 0.0
-0.078898 0.556942 0.055843
-0.054947 0.542733 0.042683
-0.034807 0.542733 0.065658
-0.049656 0.549567 0.090027
-0.000959 0.548211 0.0971
0.0 0.542733 0.070945
0.033916 0.542733 0.065793
0.048246 0.552779 0.090205
0.075209 0.560484 0.055456
0.050657 0.542733 0.044218
0.050657 0.542733 0.044218
0.075209 0.560484 0.055456
0.086372 0.552779 -0.0
0.059557 0.542733 -0.0
0.0 0.542733 0.070945
-0.000959 0.548211 0.0971
0.048246 0.552779 0.090205
0.033916 0.542733 0.065793
-0.054947 0.542733 0.042683
-0.078898 0.556942 0.055843
-0.049656 0.549567 0.090027
-0.034807 0.542733 0.065658
-0.032947 0.165622 0.023809
-0.040329 0.165622 0.0
0.034179 0.165622 -0.0
0.029784 0.165622 0.023843
0.018581 0.165622 0.035792
-0.000562 0.165622 0.039284
-0.019706 0.165622 0.035792
-0.033331 0.177839 0.062318
-0.019706 0.165622 0.035792
-0.000562 0.165622 0.039284
0.0 0.177839 0.068398
-0.069238 0.177839 0.0
-0.040329 0.165622 0.0
-0.032947 0.165622 0.023809
-0.056385 0.177839 0.041453
0.0 0.177839 0.068398
-0.000562 0.165622 0.039284
0.018581 0.165622 0.035792
0.033331 0.177839 0.062318
0.052836 0.177839 0.041512
0.029784 0.165622 0.023843
0.034179 0.165622 -0.0
0.060488 0.177839 -0.0
0.10787 0.519767 0.0753
0.111503 0.410751 0.078475
0.12833 0.410751 -0.0
0.128133 0.522307 -0.0
-0.059456 0.664865 -0.106496
-0.102529 0.664673 -0.062403
-0.094854 0.694082 -0.056964
-0.057952 0.694082 -0.095197
-0.056283 0.630616 -0.108595
-0.10141 0.627603 -0.065855
-0.102529 0.664673 -0.062403
-0.059456 0.664865 -0.106496
-0.10141 0.627603 -0.065855
-0.116493 0.634024 0.0
-0.117707 0.665677 0.0
-0.102529 0.664673 -0.062403
0.043599 0.59649 -0.08619
-0.013216 0.59649 -0.093832
-0.015527 0.607993 -0.108563
0.050746 0.606578 -0.100007
0.089064 0.633183 -0.062028
0.061992 0.6171 -0.099924
0.054462 0.625197 -0.108652
0.051485 0.661525 -0.107321
0.084927 0.661154 -0.056627
-0.094854 0.694082 -0.056964
-0.106106 0.694082 0.0
-0.067042 0.715352 0.0
-0.063787 0.714615 -0.036492
-0.021118 0.663231 -0.115076
-0.059456 0.664865 -0.106496
-0.057952 0.694082 -0.095197
-0.024317 0.694082 -0.102839
0.084927 0.661154 -0.056627
0.051485 0.661525 -0.107321
0.038357 0.694082 -0.095197
0.068597 0.694082 -0.052036
-0.102529 0.664673 -0.062403
-0.117707 0.665677 0.0
-0.106106 0.694082 0.0
-0.094854 0.694082 -0.056964
0.051485 0.661525 -0.107321
-0.021118 0.663231 -0.115076
-0.024317 0.694082 -0.102839
0.038357 0.694082 -0.095197
0.107472 0.658113 -0.0
0.084927 0.661154 -0.056627
0.068597 0.694082 -0.052036
0.086512 0.694082 -0.0
0.038357 0.694082 -0.095197
-0.024317 0.694082 -0.102839
-0.021461 0.721761 -0.050396
-0.000954 0.723887 -0.049858
0.018598 0.715599 -0.056134
0.068597 0.694082 -0.052036
0.038357 0.694082 -0.095197
0.018598 0.715599 -0.056134
0.040159 0.714728 -0.033296
-0.057952 0.694082 -0.095197
-0.094854 0.694082 -0.056964
-0.063787 0.714615 -0.036492
-0.038357 0.72186 -0.040272
-0.032443 0.72186 -0.044769
-0.024317 0.694082 -0.102839
-0.057952 0.694082 -0.095197
-0.032443 0.72186 -0.044769
-0.021461 0.721761 -0.050396
0.087197 0.59649 -0.0
0.071561 0.59649 -0.047532
0.089064 0.633183 -0.062028
0.112505 0.60342 -0.0
0.112505 0.60342 -0.0
0.089064 0.633183 -0.062028
0.084927 0.661154 -0.056627
0.107472 0.658113 -0.0
0.071561 0.59649 -0.047532
0.043599 0.59649 -0.08619
0.050746 0.606578 -0.100007
0.061992 0.6171 -0.099924
0.089064 0.633183 -0.062028
-0.07755 0.59649 -0.052017
-0.087197 0.59649 0.0
-0.106909 0.614025 0.0
-0.092553 0.608702 -0.061565
0.054462 0.625197 -0.108652
-0.018033 0.627322 -0.117258
-0.021118 0.663231 -0.115076
0.051485 0.661525 -0.107321
-0.013216 0.59649 -0.093832
-0.043599 0.59649 -0.08619
-0.050965 0.610585 -0.100917
-0.015527 0.607993 -0.108563
-0.043599 0.59649 -0.08619
-0.07755 0.59649 -0.052017
-0.092553 0.608702 -0.061565
-0.050965 0.610585 -0.100917
0.086512 0.694082 -0.0
0.068597 0.694082 -0.052036
0.040159 0.714728 -0.033296
0.034999 0.72186 -0.002576
0.035494 0.72186 -0.0
-0.07755 0.59649 -0.052017
-0.043599 0.59649 -0.08619
-0.013216 0.59649 -0.093832
0.043599 0.59649 -0.08619
0.071561 0.59649 -0.047532
0.087197 0.59649 -0.0
-0.087197 0.59649 0.0
-0.063787 0.714615 -0.036492
-0.067042 0.715352 0.0
-0.04147 0.72186 0.0
-0.038357 0.72186 -0.040272
0.040159 0.714728 -0.033296
0.018598 0.715599 -0.056134
-0.000954 0.723887 -0.049858
0.034999 0.72186 -0.002576
-0.032443 0.72186 -0.044769
-0.038357 0.72186 -0.040272
-0.04147 0.72186 0.0
0.035494 0.72186 -0.0
0.034999 0.72186 -0.002576
-0.000954 0.723887 -0.049858
-0.021461 0.721761 -0.050396
0.050746 0.606578 -0.100007
0.054462 0.625197 -0.108652
0.061992 0.6171 -0.099924
-0.092553 0.608702 -0.061565
-0.106909 0.614025 0.0
-0.116493 0.634024 0.0
-0.10141 0.627603 -0.065855
-0.015527 0.607993 -0.108563
-0.050965 0.610585 -0.100917
-0.056283 0.630616 -0.108595
-0.018033 0.627322 -0.117258
-0.050965 0.610585 -0.100917
-0.092553 0.608702 -0.061565
-0.10141 0.627603 -0.065855
-0.056283 0.630616 -0.108595
0.050746 0.606578 -0.100007
-0.015527 0.607993 -0.108563
-0.018033 0.627322 -0.117258
0.054462 0.625197 -0.108652
-0.018033 0.627322 -0.117258
-0.056283 0.630616 -0.108595
-0.059456 0.664865 -0.106496
-0.021118 0.663231 -0.115076
-0.059456 0.664865 0.106496
-0.057952 0.694082 0.095197
-0.094854 0.694082 0.056964
-0.102529 0.664673 0.062403
-0.056283 0.630616 0.108595
-0.059456 0.664865 0.106496
-0.102529 0.664673 0.062403
-0.10141 0.627603 0.065855
-0.10141 0.627603 0.065855
-0.102529 0.664673 0.062403
-0.117707 0.665677 0.0
-0.116493 0.634024 0.0
0.043599 0.59649 0.08619
0.050746 0.606578 0.100007
-0.015527 0.607993 0.108563
-0.013216 0.59649 0.093832
0.089064 0.633183 0.062028
0.084927 0.661154 0.056627
0.051485 0.661525 0.107321
0.054462 0.625197 0.108652
0.061992 0.6171 0.099924
-0.094854 0.694082 0.056964
-0.063787 0.714615 0.036492
-0.067042 0.715352 0.0
-0.106106 0.694082 0.0
-0.021118 0.663231 0.115076
-0.024317 0.694082 0.102839
-0.057952 0.694082 0.095197
-0.059456 0.664865 0.106496
0.084927 0.661154 0.056627
0.068597 0.694082 0.052036
0.038357 0.694082 0.095197
0.051485 0.661525 0.107321
-0.102529 0.664673 0.062403
-0.094854 0.694082 0.056964
-0.106106 0.694082 0.0
-0.117707 0.665677 0.0
0.051485 0.661525 0.107321
0.038357 0.694082 0.095197
-0.024317 0.694082 0.102839
-0.021118 0.663231 0.115076
0.107472 0.658113 -0.0
0.086512 0.694082 -0.0
0.068597 0.694082 0.052036
0.084927 0.661154 0.056627
0.038357 0.694082 0.095197
0.018598 0.715599 0.056134
-0.000954 0.723887 0.049858
-0.021461 0.721761 0.050396
-0.024317 0.694082 0.102839
0.068597 0.694082 0.052036
0.040159 0.714728 0.033296
0.018598 0.715599 0.056134
0.038357 0.694082 0.095197
-0.057952 0.694082 0.095197
-0.032443 0.72186 0.044769
-0.038357 0.72186 0.040272
-0.063787 0.714615 0.036492
-0.094854 0.694082 0.056964
-0.024317 0.694082 0.102839
-0.021461 0.721761 0.050396
-0.032443 0.72186 0.044769
-0.057952 0.694082 0.095197
0.087197 0.59649 -0.0
0.112505 0.60342 -0.0
0.089064 0.633183 0.062028
0.071561 0.59649 0.047532
0.112505 0.60342 -0.0
0.107472 0.658113 -0.0
0.084927 0.661154 0.056627
0.089064 0.633183 0.062028
0.071561 0.59649 0.047532
0.089064 0.633183 0.062028
0.061992 0.6171 0.099924
0.050746 0.606578 0.100007
0.043599 0.59649 0.08619
-0.07755 0.59649 0.052017
-0.092553 0.608702 0.061565
-0.106909 0.614025 0.0
-0.087197 0.59649 0.0
0.054462 0.625197 0.108652
0.051485 0.661525 0.107321
-0.021118 0.663231 0.115076
-0.018033 0.627322 0.117258
-0.013216 0.59649 0.093832
-0.015527 0.607993 0.108563
-0.050965 0.610585 0.100917
-0.043599 0.59649 0.08619
-0.043599 0.59649 0.08619
-0.050965 0.610585 0.100917
-0.092553 0.608702 0.061565
-0.07755 0.59649 0.052017
0.086512 0.694082 -0.0
0.035494 0.72186 -0.0
0.034999 0.72186 0.002576
0.040159 0.714728 0.033296
0.068597 0.694082 0.052036
-0.07755 0.59649 0.052017
-0.087197 0.59649 0.0
0.087197 0.59649 -0.0
0.071561 0.59649 0.047532
0.043599 0.59649 0.08619
-0.013216 0.59649 0.093832
-0.043599 0.59649 0.08619
-0.063787 0.714615 0.036492
-0.038357 0.72186 0.040272
-0.04147 0.72186 0.0
-0.067042 0.715352 0.0
0.040159 0.714728 0.033296
0.034999 0.72186 0.002576
-0.000954 0.723887 0.049858
0.018598 0.715599 0.056134
-0.032443 0.72186 0.044769
-0.021461 0.721761 0.050396
-0.000954 0.723887 0.049858
0.034999 0.72186 0.002576
0.035494 0.72186 -0.0
-0.04147 0.72186 0.0
-0.038357 0.72186 0.040272
0.050746 0.606578 0.100007
0.061992 0.6171 0.099924
0.054462 0.625197 0.108652
-0.092553 0.608702 0.061565
-0.10141 0.627603 0.065855
-0.116493 0.634024 0.0
-0.106909 0.614025 0.0
-0.015527 0.607993 0.108563
-0.018033 0.627322 0.117258
-0.056283 0.630616 0.108595
-0.050965 0.610585 0.100917
-0.050965 0.610585 0.100917
-0.056283 0.630616 0.108595
-0.10141 0.627603 0.065855
-0.092553 0.608702 0.061565
0.050746 0.606578 0.100007
0.054462 0.625197 0.108652
-0.018033 0.627322 0.117258
-0.015527 0.607993 0.108563
-0.018033 0.627322 0.117258
-0.021118 0.663231 0.115076
-0.059456 0.664865 0.106496
-0.056283 0.630616 0.108595
-0.0 0.446139 -0.159847
-0.0 0.228376 -0.18907
0.037958 0.255386 -0.186967
0.070489 0.416107 -0.174454
-0.0 0.466165 -0.207666
0.0499 0.436764 -0.203739
0.037958 0.304335 -0.207849
-0.0 0.277536 -0.211818
-0.039686 0.527931 -0.165748
-0.0 0.541768 -0.165748
-0.0 0.517016 -0.189486
-0.025487 0.511337 -0.189486
-0.0 0.228376 -0.18907
-0.037958 0.255386 -0.186967
-0.037958 0.304335 -0.207849
-0.0 0.277536 -0.211818
0.070489 0.416107 -0.174454
0.037958 0.255386 -0.186967
0.037958 0.304335 -0.207849
0.0499 0.436764 -0.203739
-0.048677 0.489396 -0.190785
-0.025487 0.511337 -0.189486
-0.0 0.517016 -0.189486
-0.0 0.466165 -0.207666
-0.050965 0.436054 -0.203739
-0.0 0.541768 -0.165748
-0.0 0.446139 -0.159847
0.070489 0.416107 -0.174454
0.071395 0.495416 -0.168279
0.039686 0.527931 -0.165748
0.037958 0.255386 -0.186967
-0.0 0.228376 -0.18907
-0.0 0.277536 -0.211818
0.037958 0.304335 -0.207849
-0.050965 0.436054 -0.203739
-0.0 0.466165 -0.207666
-0.0 0.277536 -0.211818
-0.037958 0.304335 -0.207849
-0.070489 0.416107 -0.174454
-0.037958 0.255386 -0.186967
-0.0 0.228376 -0.18907
-0.0 0.446139 -0.159847
-0.070489 0.416107 -0.174454
-0.071395 0.495416 -0.168279
-0.048677 0.489396 -0.190785
-0.050965 0.436054 -0.203739
-0.0 0.517016 -0.189486
0.020163 0.511337 -0.189486
0.043707 0.488686 -0.190785
0.0499 0.436764 -0.203739
-0.0 0.466165 -0.207666
-0.0 0.541768 -0.165748
0.039686 0.527931 -0.165748
0.020163 0.511337 -0.189486
-0.0 0.517016 -0.189486
-0.037958 0.255386 -0.186967
-0.070489 0.416107 -0.174454
-0.050965 0.436054 -0.203739
-0.037958 0.304335 -0.207849
0.071395 0.495416 -0.168279
0.070489 0.416107 -0.174454
0.0499 0.436764 -0.203739
0.043707 0.488686 -0.190785
-0.039686 0.527931 -0.165748
-0.025487 0.511337 -0.189486
-0.048677 0.489396 -0.190785
-0.071395 0.495416 -0.168279
0.020163 0.511337 -0.189486
0.039686 0.527931 -0.165748
0.071395 0.495416 -0.168279
0.043707 0.488686 -0.190785
-0.039686 0.527931 -0.165748
-0.071395 0.495416 -0.168279
-0.070489 0.416107 -0.174454
-0.0 0.446139 -0.159847
-0.0 0.541768 -0.165748
0.0 0.446139 0.159847
0.070489 0.416107 0.174454
0.037958 0.255386 0.186967
0.0 0.228376 0.18907
0.0 0.466165 0.207666
0.0 0.277536 0.211818
0.037958 0.304335 0.207849
0.0499 0.436764 0.203739
-0.039686 0.527931 0.165748
-0.025487 0.511337 0.189486
0.0 0.517016 0.189486
0.0 0.541768 0.165748
0.0 0.228376 0.18907
0.0 0.277536 0.211818
-0.037958 0.304335 0.207849
-0.037958 0.255386 0.186967
0.070489 0.416107 0.174454
0.0499 0.436764 0.203739
0.037958 0.304335 0.207849
0.037958 0.255386 0.186967
-0.048677 0.489396 0.190785
-0.050965 0.436054 0.203739
0.0 0.466165 0.207666
0.0 0.517016 0.189486
-0.025487 0.511337 0.189486
0.0 0.541768 0.165748
0.039686 0.527931 0.165748
0.071395 0.495416 0.168279
0.070489 0.416107 0.174454
0.0 0.446139 0.159847
0.037958 0.255386 0.186967
0.037958 0.304335 0.207849
0.0 0.277536 0.211818
0.0 0.228376 0.18907
-0.050965 0.436054 0.203739
-0.037958 0.304335 0.207849
0.0 0.277536 0.211818
0.0 0.466165 0.207666
-0.070489 0.416107 0.174454
0.0 0.446139 0.159847
0.0 0.228376 0.18907
-0.037958 0.255386 0.186967
-0.070489 0.416107 0.174454
-0.050965 0.436054 0.203739
-0.048677 0.489396 0.190785
-0.071395 0.495416 0.168279
0.0 0.517016 0.189486
0.0 0.466165 0.207666
0.0499 0.436764 0.203739
0.043707 0.488686 0.190785
0.020163 0.511337 0.189486
0.0 0.541768 0.165748
0.0 0.517016 0.189486
0.020163 0.511337 0.189486
0.039686 0.527931 0.165748
-0.037958 0.255386 0.186967
-0.037958 0.304335 0.207849
-0.050965 0.436054 0.203739
-0.070489 0.416107 0.174454
0.071395 0.495416 0.168279
0.043707 0.488686 0.190785
0.0499 0.436764 0.203739
0.070489 0.416107 0.174454
-0.039686 0.527931 0.165748
-0.071395 0.495416 0.168279
-0.048677 0.489396 0.190785
-0.025487 0.511337 0.189486
0.020163 0.511337 0.189486
0.043707 0.488686 0.190785
0.071395 0.495416 0.168279
0.039686 0.527931 0.165748
-0.039686 0.527931 0.165748
0.0 0.541768 0.165748
0.0 0.446139 0.159847
-0.070489 0.416107 0.174454
-0.071395 0.495416 0.168279
0.10287 0.666394 -0.052594
0.077134 0.660345 -0.091137
0.066252 0.67394 -0.09599
0.057229 0.695024 -0.093382
0.099 0.674271 -0.052787
0.099 0.674271 -0.052787
0.107879 0.667769 -0.04007
0.10287 0.666394 -0.052594
0.107879 0.667769 -0.04007
0.119384 0.653655 -0.012462
0.112044 0.638728 -0.036738
0.106984 0.638084 -0.053381
0.10287 0.666394 -0.052594
0.106984 0.638084 -0.053381
0.098508 0.637608 -0.065715
0.081937 0.648691 -0.086978
0.077134 0.660345 -0.091137
0.10287 0.666394 -0.052594
0.10287 0.666394 0.052594
0.099 0.674271 0.052787
0.057229 0.695024 0.093382
0.066252 0.67394 0.09599
0.077134 0.660345 0.091137
0.099 0.674271 0.052787
0.10287 0.666394 0.052594
0.107879 0.667769 0.04007
0.107879 0.667769 0.04007
0.10287 0.666394 0.052594
0.106984 0.638084 0.053381
0.112044 0.638728 0.036738
0.119384 0.653655 0.012462
0.106984 0.638084 0.053381
0.10287 0.666394 0.052594
0.077134 0.660345 0.091137
0.081937 0.648691 0.086978
0.098508 0.637608 0.065715
0.105449 0.520553 -0.117188
0.125712 0.523093 -0.074122
0.125908 0.411536 -0.074122
0.109082 0.411536 -0.119004
0.125712 0.523093 -0.074122
0.105449 0.520553 -0.117188
0.071925 0.551475 -0.116356
0.098483 0.553318 -0.074413
0.098483 0.553318 -0.074413
0.071925 0.551475 -0.116356
0.040004 0.562022 -0.117965
0.074146 0.563206 -0.074289
0.074146 0.563206 -0.074289
0.040004 0.562022 -0.117965
-0.053674 0.555567 -0.120479
-0.101113 0.554409 -0.08506
-0.101113 0.554409 -0.08506
-0.053674 0.555567 -0.120479
-0.117799 0.526481 -0.101468
-0.165239 0.525324 -0.06605
0.109082 0.411536 -0.119004
0.125908 0.411536 -0.074122
0.121032 0.375901 -0.075694
0.097229 0.378988 -0.119494
0.105449 0.520553 0.117188
0.109082 0.411536 0.119004
0.125908 0.411536 0.074122
0.125712 0.523093 0.074122
0.125712 0.523093 0.074122
0.098483 0.553318 0.074413
0.071925 0.551475 0.116356
0.105449 0.520553 0.117188
0.098483 0.553318 0.074413
0.074146 0.563206 0.074289
0.040004 0.562022 0.117965
0.071925 0.551475 0.116356
0.074146 0.563206 0.074289
-0.101113 0.554409 0.08506
-0.053674 0.555567 0.120479
0.040004 0.562022 0.117965
-0.101113 0.554409 0.08506
-0.165239 0.525324 0.06605
-0.117799 0.526481 0.101468
-0.053674 0.555567 0.120479
0.109082 0.411536 0.119004
0.097229 0.378988 0.119494
0.121032 0.375901 0.075694
0.125908 0.411536 0.074122
-0.23785 0.526419 0.063426
-0.250746 0.369943 0.063426
-0.199867 0.365749 0.114478
-0.186971 0.522226 0.114478
-0.126922 0.350622 0.105393
-0.132804 0.360222 0.114478
-0.199867 0.365749 0.114478
-0.186839 0.325144 0.07508
-0.159623 0.322901 0.07508
-0.199867 0.365749 -0.114478
-0.186971 0.522226 -0.114478
-0.119908 0.516699 -0.114478
-0.132804 0.360222 -0.114478
-0.250746 0.369943 0.063426
-0.23785 0.526419 0.063426
-0.23785 0.526419 -0.063426
-0.250746 0.369943 -0.063426
-0.186971 0.522226 -0.114478
-0.199867 0.365749 -0.114478
-0.250746 0.369943 -0.063426
-0.23785 0.526419 -0.063426
-0.102934 0.531089 -0.098743
-0.119908 0.516699 -0.114478
-0.186971 0.522226 -0.114478
-0.17086 0.553559 -0.081928
-0.114739 0.548934 -0.081928
-0.102639 0.53466 -0.095159
-0.17086 0.553559 0.081928
-0.202736 0.556186 0.049944
-0.23785 0.526419 0.063426
-0.186971 0.522226 0.114478
-0.202736 0.556186 -0.049944
-0.17086 0.553559 -0.081928
-0.186971 0.522226 -0.114478
-0.23785 0.526419 -0.063426
-0.17086 0.553559 -0.081928
-0.202736 0.556186 -0.049944
-0.202736 0.556186 0.049944
-0.17086 0.553559 0.081928
-0.114739 0.548934 0.081928
-0.114739 0.548934 -0.081928
-0.202736 0.556186 0.049944
-0.202736 0.556186 -0.049944
-0.23785 0.526419 -0.063426
-0.23785 0.526419 0.063426
-0.132804 0.360222 0.114478
-0.119908 0.516699 0.114478
-0.186971 0.522226 0.114478
-0.199867 0.365749 0.114478
-0.114739 0.548934 -0.081928
-0.114739 0.548934 0.081928
-0.102639 0.53466 0.095159
-0.102639 0.53466 -0.095159
-0.117122 0.35893 -0.098743
-0.102934 0.531089 -0.098743
-0.102639 0.53466 -0.095159
-0.102639 0.53466 0.095159
-0.102933 0.531089 0.098743
-0.117122 0.35893 0.098743
-0.199867 0.365749 -0.114478
-0.132804 0.360222 -0.114478
-0.126922 0.350622 -0.105393
-0.159623 0.322901 -0.07508
-0.186839 0.325144 -0.07508
-0.214717 0.327442 0.047107
-0.186839 0.325144 0.07508
-0.199867 0.365749 0.114478
-0.250746 0.369943 0.063426
-0.186839 0.325144 -0.07508
-0.214717 0.327442 -0.047107
-0.250746 0.369943 -0.063426
-0.199867 0.365749 -0.114478
-0.159623 0.322901 0.07508
-0.159623 0.322901 -0.07508
-0.126922 0.350622 -0.105393
-0.117122 0.35893 -0.098743
-0.117122 0.35893 0.098743
-0.126922 0.350622 0.105393
-0.250746 0.369943 0.063426
-0.250746 0.369943 -0.063426
-0.214717 0.327442 -0.047107
-0.214717 0.327442 0.047107
-0.186839 0.325144 0.07508
-0.214717 0.327442 0.047107
-0.214717 0.327442 -0.047107
-0.186839 0.325144 -0.07508
-0.159623 0.322901 -0.07508
-0.159623 0.322901 0.07508
-0.117122 0.35893 0.098743
-0.132804 0.360222 0.114478
-0.126922 0.350622 0.105393
-0.132804 0.360222 -0.114478
-0.117122 0.35893 -0.098743
-0.126922 0.350622 -0.105393
-0.117122 0.35893 0.098743
-0.102933 0.531089 0.098743
-0.119908 0.516699 0.114478
-0.132804 0.360222 0.114478
-0.132804 0.360222 -0.114478
-0.119908 0.516699 -0.114478
-0.102934 0.531089 -0.098743
-0.117122 0.35893 -0.098743
-0.102639 0.53466 0.095159
-0.114739 0.548934 0.081928
-0.17086 0.553559 0.081928
-0.186971 0.522226 0.114478
-0.119908 0.516699 0.114478
-0.102933 0.531089 0.098743
0.012526 0.466165 -0.211392
0.038804 0.436764 -0.207465
0.032515 0.209787 -0.211575
0.012526 0.182988 -0.215544
-0.048474 0.436054 -0.209111
-0.019213 0.466165 -0.213038
-0.019213 0.182988 -0.21719
-0.041006 0.209787 -0.213221
0.012526 0.466165 0.211392
0.012526 0.182988 0.215544
0.032515 0.209787 0.211575
0.038804 0.436764 0.207465
-0.048474 0.436054 0.209111
-0.041006 0.209787 0.213221
-0.019213 0.182988 0.21719
-0.019213 0.466165 0.213038

no_normals
0.916667 0.5
0.916667 1.0
0.833333 1.0
0.833333 0.5
0.75 0.5
0.75 1.0
0.666667 1.0
0.666667 0.5
0.583333 0.5
0.583333 1.0
0.5 1.0
0.5 0.5
0.583333 0.5
0.5 0.5
0.5 0.5
0.583333 0.5
0.583333 0.5
0.5 0.5
0.5 0.5
0.583333 0.5
0.75 0.5
0.666667 0.5
0.666667 0.5
0.75 0.5
0.916667 0.5
0.833333 0.5
0.833333 0.5
0.916667 0.5
0.916667 0.5
0.833333 0.5
0.833333 0.5
0.916667 0.5
0.75 0.5
0.666667 0.5
0.666667 0.5
0.75 0.5
0.666667 0.5
0.583333 0.5
0.583333 0.5
0.666667 0.5
0.666667 0.5
0.583333 0.5
0.583333 0.5
0.666667 0.5
0.666667 0.5
0.666667 1.0
0.583333 1.0
0.583333 0.5
0.833333 0.5
0.75 0.5
0.75 0.5
0.833333 0.5
0.833333 0.5
0.75 0.5
0.75 0.5
0.833333 0.5
0.833333 0.5
0.833333 1.0
0.75 1.0
0.75 0.5
1.0 0.5
0.916667 0.5
0.916667 0.5
1.0 0.5
1.0 0.5
0.916667 0.5
0.916667 0.5
1.0 0.5
1.0 0.5
1.0 1.0
0.916667 1.0
0.916667 0.5
0.873008 1.0
0.92439 1.0
0.574512 1.0
0.627716 1.0
0.678295 1.0
0.747672 1.0
0.818175 1.0
0.916667 0.5
0.833333 0.5
0.833333 0.5
0.916667 0.5
1.0 0.5
0.916667 0.5
0.916667 0.5
1.0 0.5
0.833333 0.5
0.75 0.5
0.75 0.5
0.833333 0.5
0.666667 0.5
0.583333 0.5
0.583333 0.5
0.666667 0.5
0.916667 0.5
0.833333 0.5
0.833333 0.5
0.916667 0.5
0.75 0.5
0.666667 0.5
0.666667 0.5
0.75 0.5
0.583333 0.5
0.5 0.5
0.5 0.5
0.583333 0.5
1.0 0.5
0.916667 0.5
0.916667 0.5
1.0 0.5
0.833333 0.5
0.75 0.5
0.75 0.5
0.833333 0.5
0.666667 0.5
0.583333 0.5
0.583333 0.5
0.666667 0.5
0.75 0.5
0.666667 0.5
0.666667 0.5
0.75 0.5
0.916667 0.5
0.833333 0.5
0.833333 0.5
0.916667 0.5
0.583333 0.5
0.5 0.5
0.5 0.5
0.583333 0.5
0.666667 0.5
0.583333 0.5
0.583333 0.5
0.666667 0.5
0.92439 1.0
0.873008 1.0
0.916667 1.0
1.0 1.0
0.818175 1.0
0.747672 1.0
0.75 1.0
0.833333 1.0
0.678295 1.0
0.627716 1.0
0.583333 1.0
0.666667 1.0
0.627716 1.0
0.574512 1.0
0.5 1.0
0.583333 1.0
0.747672 1.0
0.678295 1.0
0.666667 1.0
0.75 1.0
0.873008 1.0
0.818175 1.0
0.833333 1.0
0.916667 1.0
0.916667 0.5
0.833333 0.5
0.75 0.5
0.666667 0.5
0.583333 0.5
0.5 0.5
1.0 0.5
0.833333 0.5
0.75 0.5
0.75 0.5
0.833333 0.5
1.0 0.5
0.916667 0.5
0.916667 0.5
1.0 0.5
0.75 0.5
0.666667 0.5
0.666667 0.5
0.75 0.5
0.583333 0.5
0.5 0.5
0.5 0.5
0.583333 0.5
0.583333 0.5
0.5 0.5
0.5 0.5
0.583333 0.5
0.916667 0.5
0.833333 0.5
0.833333 1.0
0.916667 1.0
0.75 0.5
0.666667 0.5
0.666667 1.0
0.75 1.0
0.583333 0.5
0.5 0.5
0.5 1.0
0.583333 1.0
0.583333 0.5
0.583333 0.5
0.5 0.5
0.5 0.5
0.583333 0.5
0.583333 0.5
0.5 0.5
0.5 0.5
0.75 0.5
0.75 0.5
0.666667 0.5
0.666667 0.5
0.916667 0.5
0.916667 0.5
0.833333 0.5
0.833333 0.5
0.916667 0.5
0.916667 0.5
0.833333 0.5
0.833333 0.5
0.75 0.5
0.75 0.5
0.666667 0.5
0.666667 0.5
0.666667 0.5
0.666667 0.5
0.583333 0.5
0.583333 0.5
0.666667 0.5
0.666667 0.5
0.583333 0.5
0.583333 0.5
0.666667 0.5
0.583333 0.5
0.583333 1.0
0.666667 1.0
0.833333 0.5
0.833333 0.5
0.75 0.5
0.75 0.5
0.833333 0.5
0.833333 0.5
0.75 0.5
0.75 0.5
0.833333 0.5
0.75 0.5
0.75 1.0
0.833333 1.0
1.0 0.5
1.0 0.5
0.916667 0.5
0.916667 0.5
1.0 0.5
1.0 0.5
0.916667 0.5
0.916667 0.5
1.0 0.5
0.916667 0.5
0.916667 1.0
1.0 1.0
0.873008 1.0
0.818175 1.0
0.747672 1.0
0.678295 1.0
0.627716 1.0
0.574512 1.0
0.92439 1.0
0.916667 0.5
0.916667 0.5
0.833333 0.5
0.833333 0.5
1.0 0.5
1.0 0.5
0.916667 0.5
0.916667 0.5
0.833333 0.5
0.833333 0.5
0.75 0.5
0.75 0.5
0.666667 0.5
0.666667 0.5
0.583333 0.5
0.583333 0.5
0.916667 0.5
0.916667 0.5
0.833333 0.5
0.833333 0.5
0.75 0.5
0.75 0.5
0.666667 0.5
0.666667 0.5
0.583333 0.5
0.583333 0.5
0.5 0.5
0.5 0.5
1.0 0.5
1.0 0.5
0.916667 0.5
0.916667 0.5
0.833333 0.5
0.833333 0.5
0.75 0.5
0.75 0.5
0.666667 0.5
0.666667 0.5
0.583333 0.5
0.583333 0.5
0.75 0.5
0.75 0.5
0.666667 0.5
0.666667 0.5
0.916667 0.5
0.916667 0.5
0.833333 0.5
0.833333 0.5
0.583333 0.5
0.583333 0.5
0.5 0.5
0.5 0.5
0.666667 0.5
0.666667 0.5
0.583333 0.5
0.583333 0.5
0.92439 1.0
1.0 1.0
0.916667 1.0
0.873008 1.0
0.818175 1.0
0.833333 1.0
0.75 1.0
0.747672 1.0
0.678295 1.0
0.666667 1.0
0.583333 1.0
0.627716 1.0
0.627716 1.0
0.583333 1.0
0.5 1.0
0.574512 1.0
0.747672 1.0
0.75 1.0
0.666667 1.0
0.678295 1.0
0.873008 1.0
0.916667 1.0
0.833333 1.0
0.818175 1.0
0.916667 0.5
1.0 0.5
0.5 0.5
0.583333 0.5
0.666667 0.5
0.75 0.5
0.833333 0.5
0.833333 0.5
0.833333 0.5
0.75 0.5
0.75 0.5
1.0 0.5
1.0 0.5
0.916667 0.5
0.916667 0.5
0.75 0.5
0.75 0.5
0.666667 0.5
0.666667 0.5
0.583333 0.5
0.583333 0.5
0.5 0.5
0.5 0.5
0.583333 0.5
0.583333 0.5
0.5 0.5
0.5 0.5
0.457846 0.37
0.353923 0.43
0.353923 0.43
0.457846 0.37
0.457846 0.37
0.353923 0.43
0.353923 0.43
0.457846 0.37
0.353923 0.43
0.25 0.49
0.25 0.49
0.353923 0.43
0.457846 0.13
0.457846 0.28434
0.457846 0.28434
0.457846 0.13
0.353923 0.07
0.437606 0.118314
0.457846 0.13
0.457846 0.13
0.353923 0.07
0.353923 0.43
0.25 0.49
0.25 0.49
0.353923 0.43
0.457846 0.28434
0.457846 0.37
0.457846 0.37
0.457846 0.28434
0.353923 0.07
0.457846 0.13
0.457846 0.13
0.353923 0.07
0.353923 0.43
0.25 0.49
0.25 0.49
0.353923 0.43
0.457846 0.13
0.457846 0.28434
0.457846 0.28434
0.457846 0.13
0.25 0.01
0.353923 0.07
0.353923 0.07
0.25 0.01
0.457846 0.13
0.457846 0.28434
0.457846 0.28434
0.457846 0.260504
0.457846 0.13
0.353923 0.07
0.457846 0.13
0.457846 0.13
0.353923 0.07
0.457846 0.37
0.353923 0.43
0.353923 0.43
0.427697 0.387407
0.457846 0.37
0.457846 0.28434
0.457846 0.37
0.457846 0.37
0.457846 0.28434
0.25 0.01
0.353923 0.07
0.353923 0.07
0.25 0.01
0.25 0.01
0.353923 0.07
0.353923 0.07
0.25 0.01
0.353923 0.07
0.457846 0.13
0.457846 0.13
0.437606 0.118314
0.353923 0.07
0.353923 0.43
0.25 0.49
0.25 0.49
0.353923 0.43
0.457846 0.13
0.457846 0.28434
0.457846 0.28434
0.457846 0.13
0.457846 0.28434
0.457846 0.37
0.457846 0.37
0.457846 0.28434
0.457846 0.37
0.353923 0.43
0.353923 0.43
0.457846 0.37
0.25 0.01
0.353923 0.07
0.353923 0.07
0.25998 0.015762
0.25 0.01
0.353923 0.43
0.457846 0.37
0.457846 0.28434
0.457846 0.13
0.353923 0.07
0.25 0.01
0.25 0.49
0.353923 0.43
0.25 0.49
0.25 0.417832
0.427697 0.387407
0.353923 0.07
0.457846 0.13
0.457846 0.260504
0.25998 0.015762
0.457846 0.37
0.427697 0.387407
0.25 0.417832
0.25 0.01
0.25998 0.015762
0.457846 0.260504
0.457846 0.28434
0.457846 0.13
0.457846 0.133886
0.437606 0.118314
0.353923 0.43
0.25 0.49
0.25 0.49
0.353923 0.43
0.457846 0.28434
0.457846 0.37
0.457846 0.37
0.457846 0.28434
0.457846 0.37
0.353923 0.43
0.353923 0.43
0.457846 0.37
0.457846 0.13
0.457846 0.28434
0.457846 0.28434
0.457846 0.13
0.457846 0.28434
0.457846 0.37
0.457846 0.37
0.457846 0.28434
0.457846 0.37
0.457846 0.37
0.353923 0.43
0.353923 0.43
0.457846 0.37
0.457846 0.37
0.353923 0.43
0.353923 0.43
0.353923 0.43
0.353923 0.43
0.25 0.49
0.25 0.49
0.457846 0.13
0.457846 0.13
0.457846 0.28434
0.457846 0.28434
0.353923 0.07
0.353923 0.07
0.457846 0.13
0.457846 0.13
0.437606 0.118314
0.353923 0.43
0.353923 0.43
0.25 0.49
0.25 0.49
0.457846 0.28434
0.457846 0.28434
0.457846 0.37
0.457846 0.37
0.353923 0.07
0.353923 0.07
0.457846 0.13
0.457846 0.13
0.353923 0.43
0.353923 0.43
0.25 0.49
0.25 0.49
0.457846 0.13
0.457846 0.13
0.457846 0.28434
0.457846 0.28434
0.25 0.01
0.25 0.01
0.353923 0.07
0.353923 0.07
0.457846 0.13
0.457846 0.13
0.457846 0.260504
0.457846 0.28434
0.457846 0.28434
0.353923 0.07
0.353923 0.07
0.457846 0.13
0.457846 0.13
0.457846 0.37
0.457846 0.37
0.427697 0.387407
0.353923 0.43
0.353923 0.43
0.457846 0.28434
0.457846 0.28434
0.457846 0.37
0.457846 0.37
0.25 0.01
0.25 0.01
0.353923 0.07
0.353923 0.07
0.25 0.01
0.25 0.01
0.353923 0.07
0.353923 0.07
0.353923 0.07
0.353923 0.07
0.437606 0.118314
0.457846 0.13
0.457846 0.13
0.353923 0.43
0.353923 0.43
0.25 0.49
0.25 0.49
0.457846 0.13
0.457846 0.13
0.457846 0.28434
0.457846 0.28434
0.457846 0.28434
0.457846 0.28434
0.457846 0.37
0.457846 0.37
0.457846 0.37
0.457846 0.37
0.353923 0.43
0.353923 0.43
0.25 0.01
0.25 0.01
0.25998 0.015762
0.353923 0.07
0.353923 0.07
0.353923 0.43
0.25 0.49
0.25 0.01
0.353923 0.07
0.457846 0.13
0.457846 0.28434
0.457846 0.37
0.353923 0.43
0.427697 0.387407
0.25 0.417832
0.25 0.49
0.353923 0.07
0.25998 0.015762
0.457846 0.260504
0.457846 0.13
0.457846 0.37
0.457846 0.28434
0.457846 0.260504
0.25998 0.015762
0.25 0.01
0.25 0.417832
0.427697 0.387407
0.457846 0.13
0.437606 0.118314
0.457846 0.133886
0.353923 0.43
0.353923 0.43
0.25 0.49
0.25 0.49
0.457846 0.28434
0.457846 0.28434
0.457846 0.37
0.457846 0.37
0.457846 0.37
0.457846 0.37
0.353923 0.43
0.353923 0.43
0.457846 0.13
0.457846 0.13
0.457846 0.28434
0.457846 0.28434
0.457846 0.28434
0.457846 0.28434
0.457846 0.37
0.457846 0.37
0.75 0.5
0.75 0.5
0.666667 0.5
0.666667 0.5
0.75 0.5
0.666667 0.5
0.666667 0.5
0.75 0.5
0.795735 0.5
0.75 0.5
0.75 0.5
0.795735 0.5
0.75 0.5
0.833333 0.5
0.833333 0.5
0.75 0.5
0.666667 0.5
0.666667 0.5
0.666667 0.5
0.666667 0.5
0.833333 0.5
0.795735 0.5
0.75 0.5
0.75 0.5
0.833333 0.5
0.75 0.5
0.75 0.5
0.666667 0.5
0.666667 0.5
0.704265 0.5
0.666667 0.5
0.75 0.5
0.75 0.5
0.666667 0.5
0.833333 0.5
0.75 0.5
0.75 0.5
0.833333 0.5
0.833333 0.5
0.833333 0.5
0.75 0.5
0.75 0.5
0.833333 0.5
0.833333 0.5
0.833333 0.5
0.833333 0.5
0.75 0.5
0.704265 0.5
0.666667 0.5
0.666667 0.5
0.75 0.5
0.75 0.5
0.704265 0.5
0.704265 0.5
0.75 0.5
0.833333 0.5
0.833333 0.5
0.833333 0.5
0.833333 0.5
0.666667 0.5
0.666667 0.5
0.666667 0.5
0.666667 0.5
0.795735 0.5
0.795735 0.5
0.833333 0.5
0.833333 0.5
0.704265 0.5
0.704265 0.5
0.666667 0.5
0.666667 0.5
0.795735 0.5
0.833333 0.5
0.833333 0.5
0.75 0.5
0.75 0.5
0.75 0.5
0.666667 0.5
0.666667 0.5
0.75 0.5
0.75 0.5
0.75 0.5
0.666667 0.5
0.666667 0.5
0.795735 0.5
0.795735 0.5
0.75 0.5
0.75 0.5
0.75 0.5
0.75 0.5
0.833333 0.5
0.833333 0.5
0.666667 0.5
0.666667 0.5
0.666667 0.5
0.666667 0.5
0.833333 0.5
0.833333 0.5
0.75 0.5
0.75 0.5
0.795735 0.5
0.75 0.5
0.704265 0.5
0.666667 0.5
0.666667 0.5
0.75 0.5
0.666667 0.5
0.666667 0.5
0.75 0.5
0.75 0.5
0.833333 0.5
0.833333 0.5
0.75 0.5
0.75 0.5
0.833333 0.5
0.75 0.5
0.75 0.5
0.833333 0.5
0.833333 0.5
0.833333 0.5
0.833333 0.5
0.833333 0.5
0.75 0.5
0.75 0.5
0.666667 0.5
0.666667 0.5
0.704265 0.5
0.75 0.5
0.75 0.5
0.704265 0.5
0.704265 0.5
0.833333 0.5
0.833333 0.5
0.833333 0.5
0.833333 0.5
0.666667 0.5
0.666667 0.5
0.666667 0.5
0.666667 0.5
0.795735 0.5
0.833333 0.5
0.833333 0.5
0.795735 0.5
0.704265 0.5
0.666667 0.5
0.666667 0.5
0.704265 0.5
0.795735 0.5
0.75 0.5
0.75 0.5
0.833333 0.5
0.833333 0.5
0.353923 0.07
0.403025 0.098349
0.411192 0.103064
0.410674 0.102765
0.353923 0.07
0.353923 0.07
0.339747 0.061815
0.353923 0.07
0.339747 0.061815
0.310286 0.044806
0.336847 0.060141
0.353923 0.07
0.353923 0.07
0.353923 0.07
0.37018 0.079386
0.397869 0.095372
0.403025 0.098349
0.353923 0.07
0.353923 0.07
0.353923 0.07
0.410674 0.102765
0.411192 0.103064
0.403025 0.098349
0.353923 0.07
0.353923 0.07
0.339747 0.061815
0.339747 0.061815
0.353923 0.07
0.353923 0.07
0.336847 0.060141
0.310286 0.044806
0.353923 0.07
0.353923 0.07
0.403025 0.098349
0.397869 0.095372
0.37018 0.079386
0.583333 0.5
0.5 0.5
0.5 0.5
0.583333 0.5
0.5 0.5
0.583333 0.5
0.583333 0.5
0.5 0.5
0.5 0.5
0.583333 0.5
0.583333 0.5
0.5 0.5
0.5 0.5
0.583333 0.5
0.583333 0.5
0.5 0.5
0.5 0.5
0.583333 0.5
0.583333 0.5
0.5 0.5
0.583333 0.5
0.5 0.5
0.5 0.5
0.583333 0.5
0.583333 0.5
0.583333 0.5
0.5 0.5
0.5 0.5
0.5 0.5
0.5 0.5
0.583333 0.5
0.583333 0.5
0.5 0.5
0.5 0.5
0.583333 0.5
0.583333 0.5
0.5 0.5
0.5 0.5
0.583333 0.5
0.583333 0.5
0.5 0.5
0.5 0.5
0.583333 0.5
0.583333 0.5
0.583333 0.5
0.583333 0.5
0.5 0.5
0.5 0.5
0.589458 0.305744
0.418019 0.305744
0.418019 0.15481
0.589458 0.15481
0.13492 0.733061
0.125 0.72066
0.125 0.59519
0.168019 0.625619
0.168019 0.676538
0.418019 0.59519
0.589458 0.59519
0.589458 0.72066
0.418019 0.72066
0.418019 0.305744
0.589458 0.305744
0.589458 0.444256
0.418019 0.444256
0.589458 0.59519
0.418019 0.59519
0.418019 0.444256
0.589458 0.444256
0.623821 0.75
0.589458 0.72066
0.589458 0.59519
0.660542 0.62033
0.660542 0.725329
0.631647 0.75
0.625 0.182996
0.625 0.277557
0.589458 0.305744
0.589458 0.15481
0.625 0.472443
0.625 0.567004
0.589458 0.59519
0.589458 0.444256
0.660542 0.62033
0.695465 0.560693
0.804535 0.560693
0.839458 0.62033
0.839458 0.725329
0.660542 0.725329
0.625 0.320466
0.625 0.429534
0.589458 0.444256
0.589458 0.305744
0.418019 0.02934
0.589458 0.02934
0.589458 0.15481
0.418019 0.15481
0.625 0.785542
0.625 0.964458
0.610552 0.978906
0.610552 0.771094
0.418019 0.767181
0.60664 0.767181
0.610552 0.771094
0.610552 0.978906
0.60664 0.982819
0.418019 0.982819
0.418019 0.59519
0.418019 0.72066
0.39818 0.733061
0.331981 0.676538
0.331981 0.625619
0.198563 0.573462
0.168019 0.625619
0.125 0.59519
0.180744 0.5
0.331981 0.625619
0.301437 0.573462
0.319256 0.5
0.375 0.59519
0.168019 0.676538
0.331981 0.676538
0.36508 0.733061
0.357819 0.75
0.142181 0.75
0.13492 0.733061
0.180744 0.5
0.319256 0.5
0.301437 0.573462
0.198563 0.573462
0.168019 0.625619
0.198563 0.573462
0.301437 0.573462
0.331981 0.625619
0.331981 0.676538
0.168019 0.676538
0.133591 0.75
0.125 0.72066
0.13492 0.733061
0.418019 0.72066
0.418019 0.75
0.418019 0.733061
0.418019 0.0
0.589458 0.0
0.589458 0.02934
0.418019 0.02934
0.418019 0.72066
0.589458 0.72066
0.60664 0.767181
0.418019 0.767181
0.610552 0.0
0.625 0.024671
0.625 0.12967
0.589458 0.15481
0.589458 0.02934
0.60664 0.0
0.75 0.5
0.666667 0.5
0.666667 0.5
0.75 0.5
0.833333 0.5
0.75 0.5
0.75 0.5
0.833333 0.5
0.75 0.5
0.75 0.5
0.666667 0.5
0.666667 0.5
0.833333 0.5
0.833333 0.5
0.75 0.5
0.75 0.5

0.278896 0.279211 0.298932 1.0
0.278896 0.279211 0.298932 1.0
0.278896 0.279211 0.298932 1.0
0.278896 0.279211 0.298932 1.0
0.278896 0.279211 0.298932 1.0
0.278896 0.279211 0.298932 1.0
0.278896 0.279211 0.298932 1.0
0.278896 0.279211 0.298932 1.0
0.278896 0.279211 0.298932 1.0
0.278896 0.279211 0.298932 1.0
0.278896 0.279211 0.298932 1.0
0.278896 0.279211 0.298932 1.0
0.278896 0.279211 0.298932 1.0
0.278896 0.279211 0.298932 1.0
0.278896 0.279211 0.298932 1.0
0.278896 0.279211 0.298932 1.0
0.278896 0.279211 0.298932 1.0
0.278896 0.279211 0.298932 1.0
0.278896 0.279211 0.298932 1.0
0.278896 0.279211 0.298932 1.0
0.278896 0.279211 0.298932 1.0
0.278896 0.279211 0.298932 1.0
0.278896 0.279211 0.298932 1.0
0.278896 0.279211 0.298932 1.0
0.278896 0.279211 0.298932 1.0
0.278896 0.279211 0.298932 1.0
0.278896 0.279211 0.298932 1.0
0.278896 0.279211 0.298932 1.0
0.278896 0.279211 0.298932 1.0
0.278896 0.279211 0.298932 1.0
0.278896 0.279211 0.298932 1.0
0.278896 0.279211 0.298932 1.0
0.278896 0.279211 0.298932 1.0
0.278896 0.279211 0.298932 1.0
0.278896 0.279211 0.298932 1.0
0.278896 0.279211 0.298932 1.0
0.278896 0.279211 0.298932 1.0
0.278896 0.279211 0.298932 1.0
0.278896 0.279211 0.298932 1.0
0.278896 0.279211 0.298932 1.0
0.278896 0.279211 0.298932 1.0
0.278896 0.279211 0.298932 1.0
0.278896 0.279211 0.298932 1.0
0.278896 0.279211 0.298932 1.0
0.278896 0.279211 0.298932 1.0
0.278896 0.279211 0.298932 1.0
0.278896 0.279211 0.298932 1.0
0.278896 0.279211 0.298932 1.0
0.278896 0.279211 0.298932 1.0
0.278896 0.279211 0.298932 1.0
0.278896 0.279211 0.298932 1.0
0.278896 0.279211 0.298932 1.0
0.278896 0.279211 0.298932 1.0
0.278896 0.279211 0.298932 1.0
0.278896 0.279211 0.298932 1.0
0.278896 0.279211 0.298932 1.0
0.278896 0.279211 0.298932 1.0
0.278896 0.279211 0.298932 1.0
0.278896 0.279211 0.298932 1.0
0.278896 0.279211 0.298932 1.0
0.278896 0.279211 0.298932 1.0
0.278896 0.279211 0.298932 1.0
0.278896 0.279211 0.298932 1.0
0.278896 0.279211 0.298932 1.0
0.278896 0.279211 0.298932 1.0
0.278896 0.279211 0.298932 1.0
0.278896 0.279211 0.298932 1.0
0.278896 0.279211 0.298932 1.0
0.278896 0.279211 0.298932 1.0
0.278896 0.279211 0.298932 1.0
0.278896 0.279211 0.298932 1.0
0.278896 0.279211 0.298932 1.0
0.278896 0.279211 0.298932 1.0
0.278896 0.279211 0.298932 1.0
0.278896 0.279211 0.298932 1.0
0.278896 0.279211 0.298932 1.0
0.278896 0.279211 0.298932 1.0
0.278896 0.279211 0.298932 1.0
0.278896 0.279211 0.298932 1.0
0.278896 0.279211 0.298932 1.0
0.278896 0.279211 0.298932 1.0
0.278896 0.279211 0.298932 1.0
0.278896 0.279211 0.298932 1.0
0.278896 0.279211 0.298932 1.0
0.278896 0.279211 0.298932 1.0
0.278896 0.279211 0.298932 1.0
0.278896 0.279211 0.298932 1.0
0.278896 0.279211 0.298932 1.0
0.278896 0.279211 0.298932 1.0
0.278896 0.279211 0.298932 1.0
0.278896 0.279211 0.298932 1.0
0.278896 0.279211 0.298932 1.0
0.278896 0.279211 0.298932 1.0
0.278896 0.279211 0.298932 1.0
0.278896 0.279211 0.298932 1.0
0.278896 0.279211 0.298932 1.0
0.278896 0.279211 0.298932 1.0
0.278896 0.279211 0.298932 1.0
0.278896 0.279211 0.298932 1.0
0.278896 0.279211 0.298932 1.0
0.278896 0.279211 0.298932 1.0
0.278896 0.279211 0.298932 1.0
0.278896 0.279211 0.298932 1.0
0.278896 0.279211 0.298932 1.0
0.278896 0.279211 0.298932 1.0
0.278896 0.279211 0.298932 1.0
0.278896 0.279211 0.298932 1.0
0.278896 0.279211 0.298932 1.0
0.278896 0.279211 0.298932 1.0
0.278896 0.279211 0.298932 1.0
0.278896 0.279211 0.298932 1.0
0.278896 0.279211 0.298932 1.0
0.278896 0.279211 0.298932 1.0
0.278896 0.279211 0.298932 1.0
0.278896 0.279211 0.298932 1.0
0.278896 0.279211 0.298932 1.0
0.278896 0.279211 0.298932 1.0
0.278896 0.279211 0.298932 1.0
0.278896 0.279211 0.298932 1.0
0.278896 0.279211 0.298932 1.0
0.278896 0.279211 0.298932 1.0
0.278896 0.279211 0.298932 1.0
0.278896 0.279211 0.298932 1.0
0.278896 0.279211 0.298932 1.0
0.278896 0.279211 0.298932 1.0
0.278896 0.279211 0.298932 1.0
0.278896 0.279211 0.298932 1.0
0.278896 0.279211 0.298932 1.0
0.278896 0.279211 0.298932 1.0
0.278896 0.279211 0.298932 1.0
0.278896 0.279211 0.298932 1.0
0.278896 0.279211 0.298932 1.0
0.278896 0.279211 0.298932 1.0
0.278896 0.279211 0.298932 1.0
0.278896 0.279211 0.298932 1.0
0.278896 0.279211 0.298932 1.0
0.278896 0.279211 0.298932 1.0
0.278896 0.279211 0.298932 1.0
0.278896 0.279211 0.298932 1.0
0.278896 0.279211 0.298932 1.0
0.278896 0.279211 0.298932 1.0
0.278896 0.279211 0.298932 1.0
0.278896 0.279211 0.298932 1.0
0.278896 0.279211 0.298932 1.0
0.278896 0.279211 0.298932 1.0
0.278896 0.279211 0.298932 1.0
0.278896 0.279211 0.298932 1.0
0.278896 0.279211 0.298932 1.0
0.278896 0.279211 0.298932 1.0
0.278896 0.279211 0.298932 1.0
0.278896 0.279211 0.298932 1.0
0.278896 0.279211 0.298932 1.0
0.278896 0.279211 0.298932 1.0
0.278896 0.279211 0.298932 1.0
0.278896 0.279211 0.298932 1.0
0.278896 0.279211 0.298932 1.0
0.278896 0.279211 0.298932 1.0
0.278896 0.279211 0.298932 1.0
0.278896 0.279211 0.298932 1.0
0.278896 0.279211 0.298932 1.0
0.278896 0.279211 0.298932 1.0
0.278896 0.279211 0.298932 1.0
0.278896 0.279211 0.298932 1.0
0.278896 0.279211 0.298932 1.0
0.278896 0.279211 0.298932 1.0
0.278896 0.279211 0.298932 1.0
0.278896 0.279211 0.298932 1.0
0.278896 0.279211 0.298932 1.0
0.278896 0.279211 0.298932 1.0
0.278896 0.279211 0.298932 1.0
0.278896 0.279211 0.298932 1.0
0.278896 0.279211 0.298932 1.0
0.278896 0.279211 0.298932 1.0
0.278896 0.279211 0.298932 1.0
0.278896 0.279211 0.298932 1.0
0.278896 0.279211 0.298932 1.0
0.278896 0.279211 0.298932 1.0
0.278896 0.279211 0.298932 1.0
0.278896 0.279211 0.298932 1.0
0.278896 0.279211 0.298932 1.0
0.278896 0.279211 0.298932 1.0
0.278896 0.279211 0.298932 1.0
0.278896 0.279211 0.298932 1.0
0.278896 0.279211 0.298932 1.0
0.278896 0.279211 0.298932 1.0
0.278896 0.279211 0.298932 1.0
0.278896 0.279211 0.298932 1.0
0.278896 0.279211 0.298932 1.0
0.278896 0.279211 0.298932 1.0
0.278896 0.279211 0.298932 1.0
0.278896 0.279211 0.298932 1.0
0.278896 0.279211 0.298932 1.0
0.278896 0.279211 0.298932 1.0
0.278896 0.279211 0.298932 1.0
0.278896 0.279211 0.298932 1.0
0.278896 0.279211 0.298932 1.0
0.278896 0.279211 0.298932 1.0
0.278896 0.279211 0.298932 1.0
0.278896 0.279211 0.298932 1.0
0.278896 0.279211 0.298932 1.0
0.278896 0.279211 0.298932 1.0
0.278896 0.279211 0.298932 1.0
0.278896 0.279211 0.298932 1.0
0.278896 0.279211 0.298932 1.0
0.278896 0.279211 0.298932 1.0
0.278896 0.279211 0.298932 1.0
0.278896 0.279211 0.298932 1.0
0.278896 0.279211 0.298932 1.0
0.278896 0.279211 0.298932 1.0
0.278896 0.279211 0.298932 1.0
0.278896 0.279211 0.298932 1.0
0.278896 0.279211 0.298932 1.0
0.278896 0.279211 0.298932 1.0
0.278896 0.279211 0.298932 1.0
0.278896 0.279211 0.298932 1.0
0.278896 0.279211 0.298932 1.0
0.278896 0.279211 0.298932 1.0
0.278896 0.279211 0.298932 1.0
0.278896 0.279211 0.298932 1.0
0.278896 0.279211 0.298932 1.0
0.278896 0.279211 0.298932 1.0
0.278896 0.279211 0.298932 1.0
0.278896 0.279211 0.298932 1.0
0.278896 0.279211 0.298932 1.0
0.278896 0.279211 0.298932 1.0
0.278896 0.279211 0.298932 1.0
0.278896 0.279211 0.298932 1.0
0.278896 0.279211 0.298932 1.0
0.278896 0.279211 0.298932 1.0
0.278896 0.279211 0.298932 1.0
0.278896 0.279211 0.298932 1.0
0.278896 0.279211 0.298932 1.0
0.278896 0.279211 0.298932 1.0
0.278896 0.279211 0.298932 1.0
0.278896 0.279211 0.298932 1.0
0.278896 0.279211 0.298932 1.0
0.278896 0.279211 0.298932 1.0
0.278896 0.279211 0.298932 1.0
0.278896 0.279211 0.298932 1.0
0.278896 0.279211 0.298932 1.0
0.278896 0.279211 0.298932 1.0
0.278896 0.279211 0.298932 1.0
0.278896 0.279211 0.298932 1.0
0.278896 0.279211 0.298932 1.0
0.278896 0.279211 0.298932 1.0
0.278896 0.279211 0.298932 1.0
0.278896 0.279211 0.298932 1.0
0.278896 0.279211 0.298932 1.0
0.278896 0.279211 0.298932 1.0
0.278896 0.279211 0.298932 1.0
0.278896 0.279211 0.298932 1.0
0.278896 0.279211 0.298932 1.0
0.278896 0.279211 0.298932 1.0
0.278896 0.279211 0.298932 1.0
0.278896 0.279211 0.298932 1.0
0.278896 0.279211 0.298932 1.0
0.278896 0.279211 0.298932 1.0
0.278896 0.279211 0.298932 1.0
0.278896 0.279211 0.298932 1.0
0.278896 0.279211 0.298932 1.0
0.278896 0.279211 0.298932 1.0
0.278896 0.279211 0.298932 1.0
0.278896 0.279211 0.298932 1.0
0.278896 0.279211 0.298932 1.0
0.278896 0.279211 0.298932 1.0
0.278896 0.279211 0.298932 1.0
0.278896 0.279211 0.298932 1.0
0.278896 0.279211 0.298932 1.0
0.278896 0.279211 0.298932 1.0
0.278896 0.279211 0.298932 1.0
0.278896 0.279211 0.298932 1.0
0.278896 0.279211 0.298932 1.0
0.278896 0.279211 0.298932 1.0
0.278896 0.279211 0.298932 1.0
0.278896 0.279211 0.298932 1.0
0.278896 0.279211 0.298932 1.0
0.278896 0.279211 0.298932 1.0
0.278896 0.279211 0.298932 1.0
0.278896 0.279211 0.298932 1.0
0.278896 0.279211 0.298932 1.0
0.278896 0.279211 0.298932 1.0
0.278896 0.279211 0.298932 1.0
0.278896 0.279211 0.298932 1.0
0.278896 0.279211 0.298932 1.0
0.278896 0.279211 0.298932 1.0
0.278896 0.279211 0.298932 1.0
0.278896 0.279211 0.298932 1.0
0.278896 0.279211 0.298932 1.0
0.278896 0.279211 0.298932 1.0
0.278896 0.279211 0.298932 1.0
0.278896 0.279211 0.298932 1.0
0.278896 0.279211 0.298932 1.0
0.278896 0.279211 0.298932 1.0
0.278896 0.279211 0.298932 1.0
0.278896 0.279211 0.298932 1.0
0.278896 0.279211 0.298932 1.0
0.278896 0.279211 0.298932 1.0
0.278896 0.279211 0.298932 1.0
0.278896 0.279211 0.298932 1.0
0.278896 0.279211 0.298932 1.0
0.278896 0.279211 0.298932 1.0
0.278896 0.279211 0.298932 1.0
0.278896 0.279211 0.298932 1.0
0.278896 0.279211 0.298932 1.0
0.278896 0.279211 0.298932 1.0
0.278896 0.279211 0.298932 1.0
0.278896 0.279211 0.298932 1.0
0.278896 0.279211 0.298932 1.0
0.278896 0.279211 0.298932 1.0
0.278896 0.279211 0.298932 1.0
0.278896 0.279211 0.298932 1.0
0.278896 0.279211 0.298932 1.0
0.278896 0.279211 0.298932 1.0
0.278896 0.279211 0.298932 1.0
0.278896 0.279211 0.298932 1.0
0.278896 0.279211 0.298932 1.0
0.278896 0.279211 0.298932 1.0
0.278896 0.279211 0.298932 1.0
0.278896 0.279211 0.298932 1.0
0.278896 0.279211 0.298932 1.0
0.278896 0.279211 0.298932 1.0
0.278896 0.279211 0.298932 1.0
0.278896 0.279211 0.298932 1.0
0.278896 0.279211 0.298932 1.0
0.278896 0.279211 0.298932 1.0
0.278896 0.279211 0.298932 1.0
0.278896 0.279211 0.298932 1.0
0.278896 0.279211 0.298932 1.0
0.278896 0.279211 0.298932 1.0
0.278896 0.279211 0.298932 1.0
0.278896 0.279211 0.298932 1.0
0.278896 0.279211 0.298932 1.0
0.278896 0.279211 0.298932 1.0
0.278896 0.279211 0.298932 1.0
0.278896 0.279211 0.298932 1.0
0.278896 0.279211 0.298932 1.0
0.278896 0.279211 0.298932 1.0
0.278896 0.279211 0.298932 1.0
0.278896 0.279211 0.298932 1.0
0.278896 0.279211 0.298932 1.0
0.278896 0.279211 0.298932 1.0
0.278896 0.279211 0.298932 1.0
0.278896 0.279211 0.298932 1.0
0.278896 0.279211 0.298932 1.0
0.278896 0.279211 0.298932 1.0
0.278896 0.279211 0.298932 1.0
0.278896 0.279211 0.298932 1.0
0.278896 0.279211 0.298932 1.0
0.278896 0.279211 0.298932 1.0
0.278896 0.279211 0.298932 1.0
0.278896 0.279211 0.298932 1.0
0.278896 0.279211 0.298932 1.0
0.278896 0.279211 0.298932 1.0
0.278896 0.279211 0.298932 1.0
0.278896 0.279211 0.298932 1.0
0.278896 0.279211 0.298932 1.0
0.278896 0.279211 0.298932 1.0
0.278896 0.279211 0.298932 1.0
0.278896 0.279211 0.298932 1.0
0.278896 0.279211 0.298932 1.0
0.278896 0.279211 0.298932 1.0
0.278896 0.279211 0.298932 1.0
0.278896 0.279211 0.298932 1.0
0.278896 0.279211 0.298932 1.0
0.278896 0.279211 0.298932 1.0
0.278896 0.279211 0.298932 1.0
0.278896 0.279211 0.298932 1.0
0.278896 0.279211 0.298932 1.0
0.278896 0.279211 0.298932 1.0
0.278896 0.279211 0.298932 1.0
0.278896 0.279211 0.298932 1.0
0.278896 0.279211 0.298932 1.0
0.278896 0.279211 0.298932 1.0
0.278896 0.279211 0.298932 1.0
0.278896 0.279211 0.298932 1.0
0.278896 0.279211 0.298932 1.0
0.278896 0.279211 0.298932 1.0
0.278896 0.279211 0.298932 1.0
0.278896 0.279211 0.298932 1.0
0.278896 0.279211 0.298932 1.0
0.278896 0.279211 0.298932 1.0
0.278896 0.279211 0.298932 1.0
0.278896 0.279211 0.298932 1.0
0.278896 0.279211 0.298932 1.0
0.278896 0.279211 0.298932 1.0
0.278896 0.279211 0.298932 1.0
0.278896 0.279211 0.298932 1.0
0.278896 0.279211 0.298932 1.0
0.278896 0.279211 0.298932 1.0
0.278896 0.279211 0.298932 1.0
0.278896 0.279211 0.298932 1.0
0.278896 0.279211 0.298932 1.0
0.278896 0.279211 0.298932 1.0
0.278896 0.279211 0.298932 1.0
0.278896 0.279211 0.298932 1.0
0.278896 0.279211 0.298932 1.0
0.278896 0.279211 0.298932 1.0
0.278896 0.279211 0.298932 1.0
0.278896 0.279211 0.298932 1.0
0.278896 0.279211 0.298932 1.0
0.278896 0.279211 0.298932 1.0
0.278896 0.279211 0.298932 1.0
0.278896 0.279211 0.298932 1.0
0.278896 0.279211 0.298932 1.0
0.278896 0.279211 0.298932 1.0
0.278896 0.279211 0.298932 1.0
0.278896 0.279211 0.298932 1.0
0.278896 0.279211 0.298932 1.0
0.278896 0.279211 0.298932 1.0
0.278896 0.279211 0.298932 1.0
0.278896 0.279211 0.298932 1.0
0.278896 0.279211 0.298932 1.0
0.278896 0.279211 0.298932 1.0
0.278896 0.279211 0.298932 1.0
0.278896 0.279211 0.298932 1.0
0.278896 0.279211 0.298932 1.0
0.278896 0.279211 0.298932 1.0
0.278896 0.279211 0.298932 1.0
0.278896 0.279211 0.298932 1.0
0.278896 0.279211 0.298932 1.0
0.278896 0.279211 0.298932 1.0
0.278896 0.279211 0.298932 1.0
0.278896 0.279211 0.298932 1.0
0.278896 0.279211 0.298932 1.0
0.278896 0.279211 0.298932 1.0
0.278896 0.279211 0.298932 1.0
0.278896 0.279211 0.298932 1.0
0.278896 0.279211 0.298932 1.0
0.278896 0.279211 0.298932 1.0
0.278896 0.279211 0.298932 1.0
0.278896 0.279211 0.298932 1.0
0.278896 0.279211 0.298932 1.0
0.278896 0.279211 0.298932 1.0
0.278896 0.279211 0.298932 1.0
0.278896 0.279211 0.298932 1.0
0.278896 0.279211 0.298932 1.0
0.278896 0.279211 0.298932 1.0
0.278896 0.279211 0.298932 1.0
0.278896 0.279211 0.298932 1.0
0.278896 0.279211 0.298932 1.0
0.278896 0.279211 0.298932 1.0
0.278896 0.279211 0.298932 1.0
0.278896 0.279211 0.298932 1.0
0.278896 0.279211 0.298932 1.0
0.278896 0.279211 0.298932 1.0
0.278896 0.279211 0.298932 1.0
0.278896 0.279211 0.298932 1.0
0.278896 0.279211 0.298932 1.0
0.278896 0.279211 0.298932 1.0
0.278896 0.279211 0.298932 1.0
0.278896 0.279211 0.298932 1.0
0.278896 0.279211 0.298932 1.0
0.278896 0.279211 0.298932 1.0
0.278896 0.279211 0.298932 1.0
0.278896 0.279211 0.298932 1.0
0.278896 0.279211 0.298932 1.0
0.278896 0.279211 0.298932 1.0
0.278896 0.279211 0.298932 1.0
0.278896 0.279211 0.298932 1.0
0.278896 0.279211 0.298932 1.0
0.278896 0.279211 0.298932 1.0
0.278896 0.279211 0.298932 1.0
0.278896 0.279211 0.298932 1.0
0.278896 0.279211 0.298932 1.0
0.278896 0.279211 0.298932 1.0
0.278896 0.279211 0.298932 1.0
0.278896 0.279211 0.298932 1.0
0.278896 0.279211 0.298932 1.0
0.278896 0.279211 0.298932 1.0
0.278896 0.279211 0.298932 1.0
0.278896 0.279211 0.298932 1.0
0.278896 0.279211 0.298932 1.0
0.278896 0.279211 0.298932 1.0
0.278896 0.279211 0.298932 1.0
0.278896 0.279211 0.298932 1.0
0.278896 0.279211 0.298932 1.0
0.278896 0.279211 0.298932 1.0
0.278896 0.279211 0.298932 1.0
0.278896 0.279211 0.298932 1.0
0.278896 0.279211 0.298932 1.0
0.278896 0.279211 0.298932 1.0
0.278896 0.279211 0.298932 1.0
0.278896 0.279211 0.298932 1.0
0.278896 0.279211 0.298932 1.0
0.278896 0.279211 0.298932 1.0
0.278896 0.279211 0.298932 1.0
0.278896 0.279211 0.298932 1.0
0.278896 0.279211 0.298932 1.0
0.278896 0.279211 0.298932 1.0
0.278896 0.279211 0.298932 1.0
0.278896 0.279211 0.298932 1.0
0.278896 0.279211 0.298932 1.0
0.278896 0.279211 0.298932 1.0
0.278896 0.279211 0.298932 1.0
0.278896 0.279211 0.298932 1.0
0.278896 0.279211 0.298932 1.0
0.278896 0.279211 0.298932 1.0
0.278896 0.279211 0.298932 1.0
0.278896 0.279211 0.298932 1.0
0.278896 0.279211 0.298932 1.0
0.278896 0.279211 0.298932 1.0
0.278896 0.279211 0.298932 1.0
0.278896 0.279211 0.298932 1.0
0.278896 0.279211 0.298932 1.0
0.278896 0.279211 0.298932 1.0
0.278896 0.279211 0.298932 1.0
0.278896 0.279211 0.298932 1.0
0.278896 0.279211 0.298932 1.0
0.278896 0.279211 0.298932 1.0
0.278896 0.279211 0.298932 1.0
0.278896 0.279211 0.298932 1.0
0.278896 0.279211 0.298932 1.0
0.278896 0.279211 0.298932 1.0
0.278896 0.279211 0.298932 1.0
0.278896 0.279211 0.298932 1.0
0.278896 0.279211 0.298932 1.0
0.278896 0.279211 0.298932 1.0
0.278896 0.279211 0.298932 1.0
0.278896 0.279211 0.298932 1.0
0.278896 0.279211 0.298932 1.0
0.278896 0.279211 0.298932 1.0
0.278896 0.279211 0.298932 1.0
0.278896 0.279211 0.298932 1.0
0.278896 0.279211 0.298932 1.0
0.278896 0.279211 0.298932 1.0
0.278896 0.279211 0.298932 1.0
0.278896 0.279211 0.298932 1.0
0.278896 0.279211 0.298932 1.0
0.278896 0.279211 0.298932 1.0
0.278896 0.279211 0.298932 1.0
0.278896 0.279211 0.298932 1.0
0.278896 0.279211 0.298932 1.0
0.278896 0.279211 0.298932 1.0
0.278896 0.279211 0.298932 1.0
0.278896 0.279211 0.298932 1.0
0.278896 0.279211 0.298932 1.0
0.278896 0.279211 0.298932 1.0
0.278896 0.279211 0.298932 1.0
0.278896 0.279211 0.298932 1.0
0.278896 0.279211 0.298932 1.0
0.278896 0.279211 0.298932 1.0
0.278896 0.279211 0.298932 1.0
0.278896 0.279211 0.298932 1.0
0.278896 0.279211 0.298932 1.0
0.278896 0.279211 0.298932 1.0
0.278896 0.279211 0.298932 1.0
0.278896 0.279211 0.298932 1.0
0.278896 0.279211 0.298932 1.0
0.278896 0.279211 0.298932 1.0
0.278896 0.279211 0.298932 1.0
0.278896 0.279211 0.298932 1.0
0.278896 0.279211 0.298932 1.0
0.278896 0.279211 0.298932 1.0
0.278896 0.279211 0.298932 1.0
0.278896 0.279211 0.298932 1.0
0.278896 0.279211 0.298932 1.0
0.278896 0.279211 0.298932 1.0
0.278896 0.279211 0.298932 1.0
0.278896 0.279211 0.298932 1.0
0.278896 0.279211 0.298932 1.0
0.278896 0.279211 0.298932 1.0
0.278896 0.279211 0.298932 1.0
0.278896 0.279211 0.298932 1.0
0.278896 0.279211 0.298932 1.0
0.278896 0.279211 0.298932 1.0
0.278896 0.279211 0.298932 1.0
0.278896 0.279211 0.298932 1.0
0.278896 0.279211 0.298932 1.0
0.278896 0.279211 0.298932 1.0
0.278896 0.279211 0.298932 1.0
0.278896 0.279211 0.298932 1.0
0.278896 0.279211 0.298932 1.0
0.278896 0.279211 0.298932 1.0
0.278896 0.279211 0.298932 1.0
0.278896 0.279211 0.298932 1.0
0.278896 0.279211 0.298932 1.0
0.278896 0.279211 0.298932 1.0
0.278896 0.279211 0.298932 1.0
0.278896 0.279211 0.298932 1.0
0.278896 0.279211 0.298932 1.0
0.278896 0.279211 0.298932 1.0
0.278896 0.279211 0.298932 1.0
0.278896 0.279211 0.298932 1.0
0.278896 0.279211 0.298932 1.0
0.278896 0.279211 0.298932 1.0
0.278896 0.279211 0.298932 1.0
0.278896 0.279211 0.298932 1.0
0.278896 0.279211 0.298932 1.0
0.278896 0.279211 0.298932 1.0
0.278896 0.279211 0.298932 1.0
0.278896 0.279211 0.298932 1.0
0.278896 0.279211 0.298932 1.0
0.278896 0.279211 0.298932 1.0
0.278896 0.279211 0.298932 1.0
0.278896 0.279211 0.298932 1.0
0.278896 0.279211 0.298932 1.0
0.278896 0.279211 0.298932 1.0
0.278896 0.279211 0.298932 1.0
0.278896 0.279211 0.298932 1.0
0.278896 0.279211 0.298932 1.0
0.278896 0.279211 0.298932 1.0
0.278896 0.279211 0.298932 1.0
0.278896 0.279211 0.298932 1.0
0.278896 0.279211 0.298932 1.0
0.278896 0.279211 0.298932 1.0
0.278896 0.279211 0.298932 1.0
0.278896 0.279211 0.298932 1.0
0.278896 0.279211 0.298932 1.0
0.278896 0.279211 0.298932 1.0
0.278896 0.279211 0.298932 1.0
0.278896 0.279211 0.298932 1.0
0.278896 0.279211 0.298932 1.0
0.278896 0.279211 0.298932 1.0
0.278896 0.279211 0.298932 1.0
0.278896 0.279211 0.298932 1.0
0.278896 0.279211 0.298932 1.0
0.278896 0.279211 0.298932 1.0
0.278896 0.279211 0.298932 1.0
0.278896 0.279211 0.298932 1.0
0.278896 0.279211 0.298932 1.0
0.278896 0.279211 0.298932 1.0
0.278896 0.279211 0.298932 1.0
0.278896 0.279211 0.298932 1.0
0.278896 0.279211 0.298932 1.0
0.278896 0.279211 0.298932 1.0
0.278896 0.279211 0.298932 1.0
0.278896 0.279211 0.298932 1.0
0.278896 0.279211 0.298932 1.0
0.278896 0.279211 0.298932 1.0
0.278896 0.279211 0.298932 1.0
0.278896 0.279211 0.298932 1.0
0.278896 0.279211 0.298932 1.0
0.278896 0.279211 0.298932 1.0
0.278896 0.279211 0.298932 1.0
0.278896 0.279211 0.298932 1.0
0.278896 0.279211 0.298932 1.0
0.278896 0.279211 0.298932 1.0
0.278896 0.279211 0.298932 1.0
0.278896 0.279211 0.298932 1.0
0.278896 0.279211 0.298932 1.0
0.278896 0.279211 0.298932 1.0
0.278896 0.279211 0.298932 1.0
0.278896 0.279211 0.298932 1.0
0.278896 0.279211 0.298932 1.0
0.278896 0.279211 0.298932 1.0
0.278896 0.279211 0.298932 1.0
0.278896 0.279211 0.298932 1.0
0.278896 0.279211 0.298932 1.0
0.278896 0.279211 0.298932 1.0
0.278896 0.279211 0.298932 1.0
0.278896 0.279211 0.298932 1.0
0.278896 0.279211 0.298932 1.0
0.278896 0.279211 0.298932 1.0
0.278896 0.279211 0.298932 1.0
0.278896 0.279211 0.298932 1.0
0.278896 0.279211 0.298932 1.0
0.278896 0.279211 0.298932 1.0
0.278896 0.279211 0.298932 1.0
0.278896 0.279211 0.298932 1.0
0.278896 0.279211 0.298932 1.0
0.278896 0.279211 0.298932 1.0
0.278896 0.279211 0.298932 1.0
0.278896 0.279211 0.298932 1.0
0.278896 0.279211 0.298932 1.0
0.278896 0.279211 0.298932 1.0
0.278896 0.279211 0.298932 1.0
0.278896 0.279211 0.298932 1.0
0.278896 0.279211 0.298932 1.0
0.278896 0.279211 0.298932 1.0
0.278896 0.279211 0.298932 1.0
0.278896 0.279211 0.298932 1.0
0.278896 0.279211 0.298932 1.0
0.278896 0.279211 0.298932 1.0
0.278896 0.279211 0.298932 1.0
0.278896 0.279211 0.298932 1.0
0.278896 0.279211 0.298932 1.0
0.278896 0.279211 0.298932 1.0
0.278896 0.279211 0.298932 1.0
0.278896 0.279211 0.298932 1.0
0.278896 0.279211 0.298932 1.0
0.278896 0.279211 0.298932 1.0
0.278896 0.279211 0.298932 1.0
0.278896 0.279211 0.298932 1.0
0.278896 0.279211 0.298932 1.0
0.278896 0.279211 0.298932 1.0
0.278896 0.279211 0.298932 1.0
0.278896 0.279211 0.298932 1.0
0.278896 0.279211 0.298932 1.0
0.278896 0.279211 0.298932 1.0
0.278896 0.279211 0.298932 1.0
0.278896 0.279211 0.298932 1.0
0.278896 0.279211 0.298932 1.0
0.278896 0.279211 0.298932 1.0
0.278896 0.279211 0.298932 1.0
0.278896 0.279211 0.298932 1.0
0.278896 0.279211 0.298932 1.0
0.278896 0.279211 0.298932 1.0
0.278896 0.279211 0.298932 1.0
0.278896 0.279211 0.298932 1.0
0.278896 0.279211 0.298932 1.0
0.278896 0.279211 0.298932 1.0
0.278896 0.279211 0.298932 1.0
0.278896 0.279211 0.298932 1.0
0.278896 0.279211 0.298932 1.0
0.278896 0.279211 0.298932 1.0
0.278896 0.279211 0.298932 1.0
0.278896 0.279211 0.298932 1.0
0.278896 0.279211 0.298932 1.0
0.278896 0.279211 0.298932 1.0
0.278896 0.279211 0.298932 1.0
0.278896 0.279211 0.298932 1.0
0.278896 0.279211 0.298932 1.0
0.278896 0.279211 0.298932 1.0
0.278896 0.279211 0.298932 1.0
0.278896 0.279211 0.298932 1.0
0.278896 0.279211 0.298932 1.0
0.278896 0.279211 0.298932 1.0
0.278896 0.279211 0.298932 1.0
0.278896 0.279211 0.298932 1.0
0.278896 0.279211 0.298932 1.0
0.278896 0.279211 0.298932 1.0
0.278896 0.279211 0.298932 1.0
0.278896 0.279211 0.298932 1.0
0.278896 0.279211 0.298932 1.0
0.278896 0.279211 0.298932 1.0
0.278896 0.279211 0.298932 1.0
0.278896 0.279211 0.298932 1.0
0.278896 0.279211 0.298932 1.0
0.278896 0.279211 0.298932 1.0
0.278896 0.279211 0.298932 1.0
0.278896 0.279211 0.298932 1.0
0.278896 0.279211 0.298932 1.0
0.278896 0.279211 0.298932 1.0
0.278896 0.279211 0.298932 1.0
0.278896 0.279211 0.298932 1.0
0.278896 0.279211 0.298932 1.0
0.278896 0.279211 0.298932 1.0
0.278896 0.279211 0.298932 1.0
0.278896 0.279211 0.298932 1.0
0.278896 0.279211 0.298932 1.0
0.278896 0.279211 0.298932 1.0
0.278896 0.279211 0.298932 1.0
0.278896 0.279211 0.298932 1.0
0.278896 0.279211 0.298932 1.0
0.278896 0.279211 0.298932 1.0
0.278896 0.279211 0.298932 1.0
0.278896 0.279211 0.298932 1.0
0.278896 0.279211 0.298932 1.0
0.278896 0.279211 0.298932 1.0
0.278896 0.279211 0.298932 1.0
0.278896 0.279211 0.298932 1.0
0.278896 0.279211 0.298932 1.0
0.278896 0.279211 0.298932 1.0
0.278896 0.279211 0.298932 1.0
0.278896 0.279211 0.298932 1.0
0.278896 0.279211 0.298932 1.0
0.278896 0.279211 0.298932 1.0
0.278896 0.279211 0.298932 1.0
0.278896 0.279211 0.298932 1.0
0.278896 0.279211 0.298932 1.0
0.278896 0.279211 0.298932 1.0
0.278896 0.279211 0.298932 1.0
0.278896 0.279211 0.298932 1.0
0.278896 0.279211 0.298932 1.0
0.278896 0.279211 0.298932 1.0
0.278896 0.279211 0.298932 1.0
0.278896 0.279211 0.298932 1.0
0.278896 0.279211 0.298932 1.0
0.278896 0.279211 0.298932 1.0
0.278896 0.279211 0.298932 1.0
0.278896 0.279211 0.298932 1.0
0.278896 0.279211 0.298932 1.0
0.278896 0.279211 0.298932 1.0
0.278896 0.279211 0.298932 1.0
0.278896 0.279211 0.298932 1.0
0.278896 0.279211 0.298932 1.0
0.278896 0.279211 0.298932 1.0
0.278896 0.279211 0.298932 1.0
0.278896 0.279211 0.298932 1.0
0.278896 0.279211 0.298932 1.0
0.278896 0.279211 0.298932 1.0
0.278896 0.279211 0.298932 1.0
0.278896 0.279211 0.298932 1.0
0.278896 0.279211 0.298932 1.0
0.278896 0.279211 0.298932 1.0
0.278896 0.279211 0.298932 1.0
0.278896 0.279211 0.298932 1.0
0.278896 0.279211 0.298932 1.0
0.278896 0.279211 0.298932 1.0
0.278896 0.279211 0.298932 1.0
0.278896 0.279211 0.298932 1.0
0.278896 0.279211 0.298932 1.0
0.278896 0.279211 0.298932 1.0
0.278896 0.279211 0.298932 1.0
0.278896 0.279211 0.298932 1.0
0.278896 0.279211 0.298932 1.0
0.278896 0.279211 0.298932 1.0
0.278896 0.279211 0.298932 1.0
0.278896 0.279211 0.298932 1.0
0.278896 0.279211 0.298932 1.0
0.278896 0.279211 0.298932 1.0
0.278896 0.279211 0.298932 1.0
0.278896 0.279211 0.298932 1.0
0.278896 0.279211 0.298932 1.0
0.278896 0.279211 0.298932 1.0
0.278896 0.279211 0.298932 1.0
0.278896 0.279211 0.298932 1.0
0.278896 0.279211 0.298932 1.0
1.0 0.416922 0.0 1.0
1.0 0.416922 0.0 1.0
1.0 0.416922 0.0 1.0
1.0 0.416922 0.0 1.0
1.0 0.416922 0.0 1.0
1.0 0.416922 0.0 1.0
1.0 0.416922 0.0 1.0
1.0 0.416922 0.0 1.0
1.0 0.416922 0.0 1.0
1.0 0.416922 0.0 1.0
1.0 0.416922 0.0 1.0
1.0 0.416922 0.0 1.0
1.0 0.416922 0.0 1.0
1.0 0.416922 0.0 1.0
1.0 0.416922 0.0 1.0
1.0 0.416922 0.0 1.0
1.0 0.416922 0.0 1.0
1.0 0.416922 0.0 1.0
1.0 0.416922 0.0 1.0
1.0 0.416922 0.0 1.0
1.0 0.416922 0.0 1.0
1.0 0.416922 0.0 1.0
1.0 0.416922 0.0 1.0
1.0 0.416922 0.0 1.0
1.0 0.416922 0.0 1.0
1.0 0.416922 0.0 1.0
1.0 0.416922 0.0 1.0
1.0 0.416922 0.0 1.0
1.0 0.416922 0.0 1.0
1.0 0.416922 0.0 1.0
1.0 0.416922 0.0 1.0
1.0 0.416922 0.0 1.0
1.0 0.416922 0.0 1.0
1.0 0.416922 0.0 1.0
1.0 0.416922 0.0 1.0
1.0 0.416922 0.0 1.0
1.0 0.416922 0.0 1.0
1.0 0.416922 0.0 1.0
1.0 0.416922 0.0 1.0
1.0 0.416922 0.0 1.0
1.0 0.416922 0.0 1.0
1.0 0.416922 0.0 1.0
1.0 0.416922 0.0 1.0
1.0 0.416922 0.0 1.0
1.0 0.416922 0.0 1.0
1.0 0.416922 0.0 1.0
1.0 0.416922 0.0 1.0
1.0 0.416922 0.0 1.0
1.0 0.416922 0.0 1.0
1.0 0.416922 0.0 1.0
1.0 0.416922 0.0 1.0
1.0 0.416922 0.0 1.0
1.0 0.416922 0.0 1.0
1.0 0.416922 0.0 1.0
1.0 0.416922 0.0 1.0
1.0 0.416922 0.0 1.0
1.0 0.416922 0.0 1.0
1.0 0.416922 0.0 1.0
1.0 0.416922 0.0 1.0
1.0 0.416922 0.0 1.0
1.0 0.416922 0.0 1.0
1.0 0.416922 0.0 1.0
1.0 0.416922 0.0 1.0
1.0 0.416922 0.0 1.0
1.0 0.416922 0.0 1.0
1.0 0.416922 0.0 1.0
1.0 0.416922 0.0 1.0
1.0 0.416922 0.0 1.0
1.0 0.416922 0.0 1.0
1.0 0.416922 0.0 1.0
1.0 0.416922 0.0 1.0
1.0 0.416922 0.0 1.0
1.0 0.416922 0.0 1.0
1.0 0.416922 0.0 1.0
1.0 0.416922 0.0 1.0
1.0 0.416922 0.0 1.0
1.0 0.416922 0.0 1.0
1.0 0.416922 0.0 1.0
1.0 0.416922 0.0 1.0
1.0 0.416922 0.0 1.0
1.0 0.416922 0.0 1.0
1.0 0.416922 0.0 1.0
1.0 0.416922 0.0 1.0
1.0 0.416922 0.0 1.0
1.0 0.416922 0.0 1.0
1.0 0.416922 0.0 1.0
1.0 0.416922 0.0 1.0
1.0 0.416922 0.0 1.0
1.0 0.416922 0.0 1.0
1.0 0.416922 0.0 1.0
1.0 0.416922 0.0 1.0
1.0 0.416922 0.0 1.0
1.0 0.416922 0.0 1.0
1.0 0.416922 0.0 1.0
1.0 0.416922 0.0 1.0
1.0 0.416922 0.0 1.0
1.0 0.416922 0.0 1.0
1.0 0.416922 0.0 1.0
1.0 0.416922 0.0 1.0
1.0 0.416922 0.0 1.0
1.0 0.416922 0.0 1.0
1.0 0.416922 0.0 1.0
1.0 0.416922 0.0 1.0
1.0 0.416922 0.0 1.0
1.0 0.416922 0.0 1.0
1.0 0.416922 0.0 1.0
1.0 0.416922 0.0 1.0
1.0 0.416922 0.0 1.0
1.0 0.416922 0.0 1.0
1.0 0.416922 0.0 1.0
1.0 0.416922 0.0 1.0
1.0 0.416922 0.0 1.0
1.0 0.416922 0.0 1.0
1.0 0.416922 0.0 1.0
1.0 0.416922 0.0 1.0
1.0 0.416922 0.0 1.0
1.0 0.416922 0.0 1.0
1.0 0.416922 0.0 1.0
1.0 0.416922 0.0 1.0
1.0 0.416922 0.0 1.0
1.0 0.416922 0.0 1.0
1.0 0.416922 0.0 1.0
1.0 0.416922 0.0 1.0
1.0 0.416922 0.0 1.0
1.0 0.416922 0.0 1.0
1.0 0.416922 0.0 1.0
1.0 0.416922 0.0 1.0
1.0 0.416922 0.0 1.0
1.0 0.416922 0.0 1.0
1.0 0.416922 0.0 1.0
1.0 0.416922 0.0 1.0
1.0 0.416922 0.0 1.0
1.0 0.416922 0.0 1.0
1.0 0.416922 0.0 1.0
1.0 0.416922 0.0 1.0
1.0 0.416922 0.0 1.0
1.0 0.416922 0.0 1.0
1.0 0.416922 0.0 1.0
1.0 0.416922 0.0 1.0
1.0 0.416922 0.0 1.0
1.0 0.416922 0.0 1.0
1.0 0.416922 0.0 1.0
1.0 0.416922 0.0 1.0
1.0 0.416922 0.0 1.0
1.0 0.416922 0.0 1.0
1.0 0.416922 0.0 1.0
1.0 0.416922 0.0 1.0
1.0 0.416922 0.0 1.0
1.0 0.416922 0.0 1.0
1.0 0.416922 0.0 1.0
1.0 0.416922 0.0 1.0
1.0 0.416922 0.0 1.0
1.0 0.416922 0.0 1.0
1.0 0.416922 0.0 1.0
1.0 0.416922 0.0 1.0
1.0 0.416922 0.0 1.0
1.0 0.416922 0.0 1.0
1.0 0.416922 0.0 1.0
1.0 0.416922 0.0 1.0
1.0 0.416922 0.0 1.0
1.0 0.416922 0.0 1.0
1.0 0.416922 0.0 1.0
1.0 0.416922 0.0 1.0
1.0 0.416922 0.0 1.0
1.0 0.416922 0.0 1.0
1.0 0.416922 0.0 1.0
1.0 0.416922 0.0 1.0
1.0 0.416922 0.0 1.0
1.0 0.416922 0.0 1.0
1.0 0.416922 0.0 1.0
1.0 0.416922 0.0 1.0
1.0 0.416922 0.0 1.0
1.0 0.416922 0.0 1.0
1.0 0.416922 0.0 1.0
1.0 0.416922 0.0 1.0
1.0 0.416922 0.0 1.0
1.0 0.416922 0.0 1.0
1.0 0.416922 0.0 1.0
1.0 0.416922 0.0 1.0
1.0 0.416922 0.0 1.0
1.0 0.416922 0.0 1.0
1.0 0.416922 0.0 1.0
1.0 0.416922 0.0 1.0
1.0 0.416922 0.0 1.0
1.0 0.416922 0.0 1.0
1.0 0.416922 0.0 1.0
1.0 0.416922 0.0 1.0
1.0 0.416922 0.0 1.0
1.0 0.416922 0.0 1.0
1.0 0.416922 0.0 1.0
1.0 0.416922 0.0 1.0
1.0 0.416922 0.0 1.0
1.0 0.416922 0.0 1.0
1.0 0.416922 0.0 1.0
1.0 0.416922 0.0 1.0
1.0 0.416922 0.0 1.0
1.0 0.416922 0.0 1.0
1.0 0.416922 0.0 1.0
1.0 0.416922 0.0 1.0
1.0 0.416922 0.0 1.0
1.0 0.416922 0.0 1.0
1.0 0.416922 0.0 1.0
1.0 0.416922 0.0 1.0
1.0 0.416922 0.0 1.0
1.0 0.416922 0.0 1.0
1.0 0.416922 0.0 1.0
1.0 0.416922 0.0 1.0
1.0 0.416922 0.0 1.0

3 2 1
3 1 0
7 6 5
7 5 4
11 10 9
11 9 8
15 14 13
15 13 12
19 18 17
19 17 16
23 22 21
23 21 20
27 26 25
27 25 24
31 30 29
31 29 28
35 34 33
35 33 32
39 38 37
39 37 36
43 42 41
43 41 40
47 46 45
47 45 44
51 50 49
51 49 48
55 54 53
55 53 52
59 58 57
59 57 56
63 62 61
63 61 60
67 66 65
67 65 64
71 70 69
71 69 68
78 77 76
78 76 75
78 75 74
78 74 73
78 73 72
82 81 80
82 80 79
86 85 84
86 84 83
90 89 88
90 88 87
94 93 92
94 92 91
98 97 96
98 96 95
102 101 100
102 100 99
106 105 104
106 104 103
110 109 108
110 108 107
114 113 112
114 112 111
118 117 116
118 116 115
122 121 120
122 120 119
126 125 124
126 124 123
130 129 128
130 128 127
134 133 132
134 132 131
138 137 136
138 136 135
142 141 140
142 140 139
146 145 144
146 144 143
150 149 148
150 148 147
154 153 152
154 152 151
158 157 156
158 156 155
165 164 163
165 163 162
165 162 161
165 161 160
165 160 159
169 168 167
169 167 166
173 172 171
173 171 170
177 176 175
177 175 174
181 180 179
181 179 178
185 184 183
185 183 182
189 188 187
189 187 186
193 192 191
193 191 190
197 196 195
197 195 194
201 200 199
201 199 198
205 204 203
205 203 202
209 208 207
209 207 206
213 212 211
213 211 210
217 216 215
217 215 214
221 220 219
221 219 218
225 224 223
225 223 222
229 228 227
229 227 226
233 232 231
233 231 230
237 236 235
237 235 234
241 240 239
241 239 238
245 244 243
245 243 242
249 248 247
249 247 246
253 252 251
253 251 250
257 256 255
257 255 254
264 263 262
264 262 261
264 261 260
264 260 259
264 259 258
268 267 266
268 266 265
272 271 270
272 270 269
276 275 274
276 274 273
280 279 278
280 278 277
284 283 282
284 282 281
288 287 286
288 286 285
292 291 290
292 290 289
296 295 294
296 294 293
300 299 298
300 298 297
304 303 302
304 302 301
308 307 306
308 306 305
312 311 310
312 310 309
316 315 314
316 314 313
320 319 318
320 318 317
324 323 322
324 322 321
328 327 326
328 326 325
332 331 330
332 330 329
336 335 334
336 334 333
340 339 338
340 338 337
344 343 342
344 342 341
351 350 349
351 349 348
351 348 347
351 347 346
351 346 345
355 354 353
355 353 352
359 358 357
359 357 356
363 362 361
363 361 360
367 366 365
367 365 364
371 370 369
371 369 368
375 374 373
375 373 372
379 378 377
379 377 376
383 382 381
383 381 380
387 386 385
387 385 384
392 391 390
392 390 389
392 389 388
396 395 394
396 394 393
400 399 398
400 398 397
404 403 402
404 402 401
408 407 406
408 406 405
412 411 410
412 410 409
416 415 414
416 414 413
421 420 419
421 419 418
421 418 417
425 424 423
425 423 422
430 429 428
430 428 427
430 427 426
434 433 432
434 432 431
438 437 436
438 436 435
442 441 440
442 440 439
447 446 445
447 445 444
447 444 443
451 450 449
451 449 448
455 454 453
455 453 452
459 458 457
459 457 456
463 462 461
463 461 460
468 467 466
468 466 465
468 465 464
475 474 473
475 473 472
475 472 471
475 471 470
475 470 469
479 478 477
479 477 476
483 482 481
483 481 480
490 489 488
490 488 487
490 487 486
490 486 485
490 485 484
493 492 491
497 496 495
497 495 494
501 500 499
501 499 498
505 504 503
505 503 502
509 508 507
509 507 506
513 512 511
513 511 510
517 516 515
517 515 514
521 520 519
521 519 518
525 524 523
525 523 522
529 528 527
529 527 526
534 533 532
534 532 531
534 531 530
538 537 536
538 536 535
542 541 540
542 540 539
546 545 544
546 544 543
550 549 548
550 548 547
554 553 552
554 552 551
558 557 556
558 556 555
563 562 561
563 561 560
563 560 559
567 566 565
567 565 564
572 571 570
572 570 569
572 569 568
576 575 574
576 574 573
580 579 578
580 578 577
584 583 582
584 582 581
589 588 587
589 587 586
589 586 585
593 592 591
593 591 590
597 596 595
597 595 594
601 600 599
601 599 598
605 604 603
605 603 602
610 609 608
610 608 607
610 607 606
617 616 615
617 615 614
617 614 613
617 613 612
617 612 611
621 620 619
621 619 618
625 624 623
625 623 622
632 631 630
632 630 629
632 629 628
632 628 627
632 627 626
635 634 633
639 638 637
639 637 636
643 642 641
643 641 640
647 646 645
647 645 644
651 650 649
651 649 648
655 654 653
655 653 652
659 658 657
659 657 656
663 662 661
663 661 660
667 666 665
667 665 664
671 670 669
671 669 668
675 674 673
675 673 672
680 679 678
680 678 677
680 677 676
685 684 683
685 683 682
685 682 681
689 688 687
689 687 686
693 692 691
693 691 690
697 696 695
697 695 694
701 700 699
701 699 698
706 705 704
706 704 703
706 703 702
710 709 708
710 708 707
714 713 712
714 712 711
718 717 716
718 716 715
722 721 720
722 720 719
726 725 724
726 724 723
731 730 729
731 729 728
731 728 727
735 734 733
735 733 732
739 738 737
739 737 736
743 742 741
743 741 740
747 746 745
747 745 744
751 750 749
751 749 748
756 755 754
756 754 753
756 753 752
761 760 759
761 759 758
761 758 757
765 764 763
765 763 762
769 768 767
769 767 766
773 772 771
773 771 770
777 776 775
777 775 774
782 781 780
782 780 779
782 779 778
786 785 784
786 784 783
790 789 788
790 788 787
794 793 792
794 792 791
798 797 796
798 796 795
802 801 800
802 800 799
807 806 805
807 805 804
807 804 803
812 811 810
812 810 809
812 809 808
815 814 813
820 819 818
820 818 817
820 817 816
825 824 823
825 823 822
825 822 821
830 829 828
830 828 827
830 827 826
833 832 831
838 837 836
838 836 835
838 835 834
843 842 841
843 841 840
843 840 839
847 846 845
847 845 844
851 850 849
851 849 848
855 854 853
855 853 852
859 858 857
859 857 856
863 862 861
863 861 860
867 866 865
867 865 864
871 870 869
871 869 868
875 874 873
875 873 872
879 878 877
879 877 876
883 882 881
883 881 880
887 886 885
887 885 884
891 890 889
891 889 888
895 894 893
895 893 892
900 899 898
900 898 897
900 897 896
904 903 902
904 902 901
908 907 906
908 906 905
912 911 910
912 910 909
918 917 916
918 916 915
918 915 914
918 914 913
922 921 920
922 920 919
926 925 924
926 924 923
932 931 930
932 930 929
932 929 928
932 928 927
936 935 934
936 934 933
940 939 938
940 938 937
944 943 942
944 942 941
950 949 948
950 948 947
950 947 946
950 946 945
955 954 953
955 953 952
955 952 951
959 958 957
959 957 956
963 962 961
963 961 960
969 968 967
969 967 966
969 966 965
969 965 964
973 972 971
973 971 970
979 978 977
979 977 976
979 976 975
979 975 974
982 981 980
985 984 983
989 988 987
989 987 986
993 992 991
993 991 990
999 998 997
999 997 996
999 996 995
999 995 994
1003 1002 1001
1003 1001 1000
1007 1006 1005
1007 1005 1004
1011 1010 1009
1011 1009 1008
1015 1014 1013
1015 1013 1012
