1200 604 

-0.071575 0.869535 0.0
-0.066918 0.951244 0.0
-0.05503 0.945567 -0.078469
-0.064698 0.866758 -0.083361
0.018664 0.866758 -0.083361
0.018664 0.950119 -0.083361
0.090598 0.944649 -0.07572
0.102025 0.866758 -0.083361
0.018664 0.950119 -0.083361
-0.05503 0.945567 -0.078469
-0.066918 0.951244 0.0
0.048257 0.965076 0.0
0.020883 0.784832 -0.071904
0.084392 0.783932 -0.069986
0.111278 0.774673 0.0
0.018664 0.783396 0.0
0.102025 0.866758 -0.083361
0.090598 0.944649 -0.07572
0.111278 0.941395 0.0
0.128275 0.855125 0.0
-0.022145 0.784156 -0.067498
0.020883 0.784832 -0.071904
0.018664 0.783396 0.0
-0.034085 0.782827 0.0
0.090598 0.944649 -0.07572
0.018664 0.950119 -0.083361
0.048257 0.965076 0.0
0.111278 0.941395 0.0
-0.064698 0.866758 -0.083361
-0.05503 0.945567 -0.078469
0.018664 0.950119 -0.083361
0.018664 0.866758 -0.083361
-0.022145 0.784156 -0.067498
-0.064698 0.866758 -0.083361
0.018664 0.866758 -0.083361
0.020883 0.784832 -0.071904
0.084392 0.783932 -0.069986
0.102025 0.866758 -0.083361
0.128275 0.855125 0.0
0.111278 0.774673 0.0
0.020883 0.784832 -0.071904
0.018664 0.866758 -0.083361
0.102025 0.866758 -0.083361
0.084392 0.783932 -0.069986
-0.034085 0.782827 0.0
-0.071575 0.869535 0.0
-0.064698 0.866758 -0.083361
-0.022145 0.784156 -0.067498
-0.071575 0.869535 0.0
-0.064698 0.866758 0.083361
-0.05503 0.945567 0.078469
-0.066918 0.951244 0.0
0.018664 0.866758 0.083361
0.102025 0.866758 0.083361
0.090598 0.944649 0.07572
0.018664 0.950119 0.083361
0.018664 0.950119 0.083361
0.048257 0.965076 0.0
-0.066918 0.951244 0.0
-0.05503 0.945567 0.078469
0.020883 0.784832 0.071904
0.018664 0.783396 0.0
0.111278 0.774673 0.0
0.084392 0.783932 0.069986
0.102025 0.866758 0.083361
0.128275 0.855125 0.0
0.111278 0.941395 0.0
0.090598 0.944649 0.07572
-0.022145 0.784156 0.067498
-0.034085 0.782827 0.0
0.018664 0.783396 0.0
0.020883 0.784832 0.071904
0.090598 0.944649 0.07572
0.111278 0.941395 0.0
0.048257 0.965076 0.0
0.018664 0.950119 0.083361
-0.064698 0.866758 0.083361
0.018664 0.866758 0.083361
0.018664 0.950119 0.083361
-0.05503 0.945567 0.078469
-0.022145 0.784156 0.067498
0.020883 0.784832 0.071904
0.018664 0.866758 0.083361
-0.064698 0.866758 0.083361
0.084392 0.783932 0.069986
0.111278 0.774673 0.0
0.128275 0.855125 0.0
0.102025 0.866758 0.083361
0.020883 0.784832 0.071904
0.084392 0.783932 0.069986
0.102025 0.866758 0.083361
0.018664 0.866758 0.083361
-0.034085 0.782827 0.0
-0.022145 0.784156 0.067498
-0.064698 0.866758 0.083361
-0.071575 0.869535 0.0
0.102027 0.906885 -0.057947
0.103308 0.916627 -0.052635
0.117683 0.916243 -0.0
0.120274 0.905512 -0.0
0.102027 0.906885 0.057947
0.120274 0.905512 -0.0
0.117683 0.916243 -0.0
0.103308 0.916627 0.052635
0.105992 0.889868 -0.057947
0.107273 0.899611 -0.052635
0.121648 0.899227 0.0
0.124239 0.888496 0.0
0.105992 0.889868 0.057947
0.124239 0.888496 0.0
0.121648 0.899227 0.0
0.107273 0.899611 0.052635
0.109462 0.871035 -0.057947
0.110742 0.880777 -0.052635
0.125118 0.880393 0.0
0.127708 0.869662 0.0
0.109462 0.871035 0.057947
0.127708 0.869662 0.0
0.125118 0.880393 0.0
0.110742 0.880777 0.052635
-0.066995 0.736722 -0.082625
-0.043582 0.740607 -0.049894
0.04923 0.740607 -0.049894
0.051026 0.736764 -0.070855
0.062742 0.73654 -0.084156
-0.066425 0.73654 -0.084156
0.044571 0.433205 -0.089067
0.083115 0.679247 -0.052597
0.110621 0.665764 0.0
0.055138 0.403488 0.0
0.04923 0.740607 -0.049894
-0.043582 0.740607 -0.049894
-0.051806 0.74506 0.0
0.057673 0.74506 0.0
0.044571 0.433205 -0.089067
-0.044693 0.428954 -0.090533
-0.066425 0.58809 -0.103994
0.062742 0.58809 -0.103994
0.051026 0.736764 -0.070855
0.083115 0.679247 -0.052597
0.044571 0.433205 -0.089067
0.062742 0.58809 -0.103994
0.062742 0.73654 -0.084156
-0.044693 0.428954 -0.090533
0.044571 0.433205 -0.089067
0.055138 0.403488 0.0
-0.061338 0.401399 0.0
-0.058581 0.596294 -0.119145
-0.058581 0.73305 -0.10087
0.054899 0.73305 -0.10087
0.054899 0.596294 -0.119145
0.04923 0.740607 -0.049894
0.083115 0.679247 -0.052597
0.051026 0.736764 -0.070855
0.04923 0.740607 -0.049894
0.057673 0.74506 0.0
0.110621 0.665764 0.0
0.083115 0.679247 -0.052597
-0.061338 0.401399 0.0
-0.076965 0.706634 0.0
-0.073685 0.705417 -0.055051
-0.044693 0.428954 -0.090533
-0.073685 0.705417 -0.055051
-0.043582 0.740607 -0.049894
-0.066995 0.736722 -0.082625
-0.051806 0.74506 0.0
-0.043582 0.740607 -0.049894
-0.073685 0.705417 -0.055051
-0.076965 0.706634 0.0
-0.044693 0.428954 -0.090533
-0.073685 0.705417 -0.055051
-0.066995 0.736722 -0.082625
-0.066425 0.73654 -0.084156
-0.066425 0.58809 -0.103994
-0.066995 0.736722 0.082625
-0.066425 0.73654 0.084156
0.062742 0.73654 0.084156
0.051026 0.736764 0.070855
0.04923 0.740607 0.049894
-0.043582 0.740607 0.049894
0.044571 0.433205 0.089067
0.055138 0.403488 0.0
0.110621 0.665764 0.0
0.083115 0.679247 0.052597
0.04923 0.740607 0.049894
0.057673 0.74506 0.0
-0.051806 0.74506 0.0
-0.043582 0.740607 0.049894
0.044571 0.433205 0.089067
0.062742 0.58809 0.103994
-0.066425 0.58809 0.103994
-0.044693 0.428954 0.090533
0.051026 0.736764 0.070855
0.062742 0.73654 0.084156
0.062742 0.58809 0.103994
0.044571 0.433205 0.089067
0.083115 0.679247 0.052597
-0.044693 0.428954 0.090533
-0.061338 0.401399 0.0
0.055138 0.403488 0.0
0.044571 0.433205 0.089067
-0.058581 0.596294 0.119145
0.054899 0.596294 0.119145
0.054899 0.73305 0.10087
-0.058581 0.73305 0.10087
0.04923 0.740607 0.049894
0.051026 0.736764 0.070855
0.083115 0.679247 0.052597
0.04923 0.740607 0.049894
0.083115 0.679247 0.052597
0.110621 0.665764 0.0
0.057673 0.74506 0.0
-0.061338 0.401399 0.0
-0.044693 0.428954 0.090533
-0.073685 0.705417 0.055051
-0.076965 0.706634 0.0
-0.073685 0.705417 0.055051
-0.066995 0.736722 0.082625
-0.043582 0.740607 0.049894
-0.051806 0.74506 0.0
-0.076965 0.706634 0.0
-0.073685 0.705417 0.055051
-0.043582 0.740607 0.049894
-0.044693 0.428954 0.090533
-0.066425 0.58809 0.103994
-0.066425 0.73654 0.084156
-0.066995 0.736722 0.082625
-0.073685 0.705417 0.055051
-0.066425 0.58809 -0.103994
-0.066425 0.73654 -0.084156
-0.074725 0.743966 -0.090887
-0.074725 0.58314 -0.112379
0.071043 0.58314 -0.112379
-0.074725 0.58314 -0.112379
-0.058581 0.596294 -0.119145
0.054899 0.596294 -0.119145
0.062742 0.73654 -0.084156
0.062742 0.58809 -0.103994
0.071043 0.58314 -0.112379
0.071043 0.743966 -0.090887
-0.066425 0.73654 -0.084156
0.062742 0.73654 -0.084156
0.071043 0.743966 -0.090887
-0.074725 0.743966 -0.090887
0.062742 0.58809 -0.103994
-0.066425 0.58809 -0.103994
-0.074725 0.58314 -0.112379
0.071043 0.58314 -0.112379
-0.074725 0.743966 -0.090887
0.071043 0.743966 -0.090887
0.054899 0.73305 -0.10087
-0.058581 0.73305 -0.10087
0.071043 0.743966 -0.090887
0.071043 0.58314 -0.112379
0.054899 0.596294 -0.119145
0.054899 0.73305 -0.10087
-0.074725 0.58314 -0.112379
-0.074725 0.743966 -0.090887
-0.058581 0.73305 -0.10087
-0.058581 0.596294 -0.119145
-0.066425 0.58809 0.103994
-0.074725 0.58314 0.112379
-0.074725 0.743966 0.090887
-0.066425 0.73654 0.084156
0.071043 0.58314 0.112379
0.054899 0.596294 0.119145
-0.058581 0.596294 0.119145
-0.074725 0.58314 0.112379
0.062742 0.73654 0.084156
0.071043 0.743966 0.090887
0.071043 0.58314 0.112379
0.062742 0.58809 0.103994
-0.066425 0.73654 0.084156
-0.074725 0.743966 0.090887
0.071043 0.743966 0.090887
0.062742 0.73654 0.084156
0.062742 0.58809 0.103994
0.071043 0.58314 0.112379
-0.074725 0.58314 0.112379
-0.066425 0.58809 0.103994
-0.074725 0.743966 0.090887
-0.058581 0.73305 0.10087
0.054899 0.73305 0.10087
0.071043 0.743966 0.090887
0.071043 0.743966 0.090887
0.054899 0.73305 0.10087
0.054899 0.596294 0.119145
0.071043 0.58314 0.112379
-0.074725 0.58314 0.112379
-0.058581 0.596294 0.119145
-0.058581 0.73305 0.10087
-0.074725 0.743966 0.090887
-0.024292 0.365935 -0.163954
-0.046877 0.628779 -0.144815
-0.035744 0.643178 -0.181995
-0.018772 0.367386 -0.181608
-0.018772 0.367386 -0.181608
-0.035744 0.643178 -0.181995
0.035707 0.643178 -0.181995
0.016789 0.367386 -0.181608
0.018792 0.365935 -0.163954
0.041223 0.628779 -0.144815
0.041672 0.614379 -0.107635
0.019763 0.364485 -0.146301
0.019763 0.364485 -0.146301
0.041672 0.614379 -0.107635
-0.04522 0.614379 -0.107635
-0.021085 0.364485 -0.146301
-0.024292 0.365935 -0.163954
0.018792 0.365935 -0.163954
0.019763 0.364485 -0.146301
-0.021085 0.364485 -0.146301
0.041223 0.628779 -0.144815
-0.046877 0.628779 -0.144815
-0.04522 0.614379 -0.107635
0.041672 0.614379 -0.107635
0.035707 0.643178 -0.181995
-0.035744 0.643178 -0.181995
-0.046877 0.628779 -0.144815
0.041223 0.628779 -0.144815
-0.018772 0.367386 -0.181608
0.016789 0.367386 -0.181608
0.018792 0.365935 -0.163954
-0.024292 0.365935 -0.163954
0.016789 0.367386 -0.181608
0.035707 0.643178 -0.181995
0.041223 0.628779 -0.144815
0.018792 0.365935 -0.163954
-0.021085 0.364485 -0.146301
-0.04522 0.614379 -0.107635
-0.046877 0.628779 -0.144815
-0.024292 0.365935 -0.163954
-0.024292 0.365935 0.163954
-0.018772 0.367386 0.181608
-0.035744 0.643178 0.181995
-0.046877 0.628779 0.144815
-0.018772 0.367386 0.181608
0.016789 0.367386 0.181608
0.035707 0.643178 0.181995
-0.035744 0.643178 0.181995
0.018792 0.365935 0.163954
0.019763 0.364485 0.146301
0.041672 0.614379 0.107635
0.041223 0.628779 0.144815
0.019763 0.364485 0.146301
-0.021085 0.364485 0.146301
-0.04522 0.614379 0.107635
0.041672 0.614379 0.107635
-0.024292 0.365935 0.163954
-0.021085 0.364485 0.146301
0.019763 0.364485 0.146301
0.018792 0.365935 0.163954
0.041223 0.628779 0.144815
0.041672 0.614379 0.107635
-0.04522 0.614379 0.107635
-0.046877 0.628779 0.144815
0.035707 0.643178 0.181995
0.041223 0.628779 0.144815
-0.046877 0.628779 0.144815
-0.035744 0.643178 0.181995
-0.018772 0.367386 0.181608
-0.024292 0.365935 0.163954
0.018792 0.365935 0.163954
0.016789 0.367386 0.181608
0.016789 0.367386 0.181608
0.018792 0.365935 0.163954
0.041223 0.628779 0.144815
0.035707 0.643178 0.181995
-0.021085 0.364485 0.146301
-0.024292 0.365935 0.163954
-0.046877 0.628779 0.144815
-0.04522 0.614379 0.107635
-0.02805 0.478179 -0.188342
-0.032176 0.522156 -0.188729
0.018578 0.507644 -0.188729
0.016789 0.486268 -0.188342
-0.032176 0.522156 -0.188729
-0.02805 0.478179 -0.188342
-0.039308 0.467516 -0.153223
-0.045229 0.53044 -0.149698
-0.045229 0.53044 -0.149698
-0.039308 0.467516 -0.153223
-0.035788 0.476543 -0.125192
-0.039966 0.520389 -0.11889
-0.039966 0.520389 -0.11889
-0.035788 0.476543 -0.125192
0.016529 0.485182 -0.123629
0.017854 0.507344 -0.120453
0.016789 0.486268 -0.188342
0.018578 0.507644 -0.188729
0.020409 0.501934 -0.188298
0.019487 0.490921 -0.188099
0.019487 0.490921 -0.188099
0.020409 0.501934 -0.188298
0.027662 0.501349 -0.182487
0.02674 0.490337 -0.182288
0.017854 0.507344 -0.120453
0.016529 0.485182 -0.123629
0.017556 0.490825 -0.1239
0.018206 0.501701 -0.122341
0.018206 0.501701 -0.122341
0.017556 0.490825 -0.1239
0.034809 0.489186 -0.126827
0.034531 0.500062 -0.125268
0.02674 0.490337 -0.182288
0.027662 0.501349 -0.182487
0.034531 0.500062 -0.125268
0.034809 0.489186 -0.126827
-0.02805 0.478179 0.188342
0.016789 0.486268 0.188342
0.018578 0.507644 0.188729
-0.032176 0.522156 0.188729
-0.032176 0.522156 0.188729
-0.045229 0.53044 0.149698
-0.039308 0.467516 0.153223
-0.02805 0.478179 0.188342
-0.045229 0.53044 0.149698
-0.039966 0.520389 0.11889
-0.035788 0.476543 0.125192
-0.039308 0.467516 0.153223
-0.039966 0.520389 0.11889
0.017854 0.507344 0.120453
0.016529 0.485182 0.123629
-0.035788 0.476543 0.125192
0.016789 0.486268 0.188342
0.019487 0.490921 0.188099
0.020409 0.501934 0.188298
0.018578 0.507644 0.188729
0.019487 0.490921 0.188099
0.02674 0.490337 0.182288
0.027662 0.501349 0.182487
0.020409 0.501934 0.188298
0.017854 0.507344 0.120453
0.018206 0.501701 0.122341
0.017556 0.490825 0.1239
0.016529 0.485182 0.123629
0.018206 0.501701 0.122341
0.034531 0.500062 0.125268
0.034809 0.489186 0.126827
0.017556 0.490825 0.1239
0.02674 0.490337 0.182288
0.034809 0.489186 0.126827
0.034531 0.500062 0.125268
0.027662 0.501349 0.182487
-0.058291 0.727883 -0.111301
-0.034603 0.753051 -0.105424
0.030374 0.752453 -0.100233
0.053629 0.726881 -0.102222
0.047567 0.579348 -0.125095
-0.054756 0.580393 -0.134167
0.034221 0.710754 -0.202219
-0.028878 0.711338 -0.207409
-0.025438 0.588567 -0.210034
0.028312 0.588018 -0.205269
0.053629 0.726881 -0.102222
0.057296 0.714285 -0.175861
0.051035 0.585151 -0.178848
0.047567 0.579348 -0.125095
0.051035 0.585151 -0.178848
0.028312 0.588018 -0.205269
-0.025438 0.588567 -0.210034
-0.051288 0.586197 -0.18793
-0.054756 0.580393 -0.134167
0.047567 0.579348 -0.125095
-0.054381 0.715295 -0.184916
-0.058291 0.727883 -0.111301
-0.054756 0.580393 -0.134167
-0.051288 0.586197 -0.18793
-0.054381 0.715295 -0.184916
-0.028878 0.711338 -0.207409
-0.030761 0.739807 -0.182849
0.057296 0.714285 -0.175861
0.034217 0.73921 -0.177658
0.034221 0.710754 -0.202219
0.051035 0.585151 -0.178848
0.057296 0.714285 -0.175861
0.034221 0.710754 -0.202219
0.028312 0.588018 -0.205269
-0.058291 0.727883 -0.111301
-0.054381 0.715295 -0.184916
-0.030761 0.739807 -0.182849
-0.034603 0.753051 -0.105424
-0.028878 0.711338 -0.207409
0.034221 0.710754 -0.202219
0.034217 0.73921 -0.177658
-0.030761 0.739807 -0.182849
0.057296 0.714285 -0.175861
0.053629 0.726881 -0.102222
0.030374 0.752453 -0.100233
0.034217 0.73921 -0.177658
-0.025438 0.588567 -0.210034
-0.028878 0.711338 -0.207409
-0.054381 0.715295 -0.184916
-0.051288 0.586197 -0.18793
0.034217 0.73921 -0.177658
0.030374 0.752453 -0.100233
-0.034603 0.753051 -0.105424
-0.030761 0.739807 -0.182849
-0.058291 0.727883 0.111301
-0.054756 0.580393 0.134167
0.047567 0.579348 0.125095
0.053629 0.726881 0.102222
0.030374 0.752453 0.100233
-0.034603 0.753051 0.105424
0.034221 0.710754 0.202219
0.028312 0.588018 0.205269
-0.025438 0.588567 0.210034
-0.028878 0.711338 0.207409
0.053629 0.726881 0.102222
0.047567 0.579348 0.125095
0.051035 0.585151 0.178848
0.057296 0.714285 0.175861
0.051035 0.585151 0.178848
0.047567 0.579348 0.125095
-0.054756 0.580393 0.134167
-0.051288 0.586197 0.18793
-0.025438 0.588567 0.210034
0.028312 0.588018 0.205269
-0.054381 0.715295 0.184916
-0.051288 0.586197 0.18793
-0.054756 0.580393 0.134167
-0.058291 0.727883 0.111301
-0.054381 0.715295 0.184916
-0.030761 0.739807 0.182849
-0.028878 0.711338 0.207409
0.057296 0.714285 0.175861
0.034221 0.710754 0.202219
0.034217 0.73921 0.177658
0.051035 0.585151 0.178848
0.028312 0.588018 0.205269
0.034221 0.710754 0.202219
0.057296 0.714285 0.175861
-0.058291 0.727883 0.111301
-0.034603 0.753051 0.105424
-0.030761 0.739807 0.182849
-0.054381 0.715295 0.184916
-0.028878 0.711338 0.207409
-0.030761 0.739807 0.182849
0.034217 0.73921 0.177658
0.034221 0.710754 0.202219
0.057296 0.714285 0.175861
0.034217 0.73921 0.177658
0.030374 0.752453 0.100233
0.053629 0.726881 0.102222
-0.025438 0.588567 0.210034
-0.051288 0.586197 0.18793
-0.054381 0.715295 0.184916
-0.028878 0.711338 0.207409
0.034217 0.73921 0.177658
-0.030761 0.739807 0.182849
-0.034603 0.753051 0.105424
0.030374 0.752453 0.100233
-0.075413 0.391311 0.0
-0.069527 0.441908 0.0
-0.051134 0.446019 -0.098208
-0.051134 0.32725 -0.115234
-0.051134 0.32725 -0.115234
-0.051134 0.446019 -0.098208
0.048369 0.446019 -0.098208
0.048369 0.32725 -0.115234
0.048369 0.32725 -0.115234
0.048369 0.446019 -0.098208
0.068943 0.441566 0.0
0.080933 0.391654 0.0
-0.075413 0.391311 0.0
-0.051134 0.32725 0.115234
-0.051134 0.446019 0.098208
-0.069527 0.441908 0.0
-0.051134 0.32725 0.115234
0.048369 0.32725 0.115234
0.048369 0.446019 0.098208
-0.051134 0.446019 0.098208
0.048369 0.32725 0.115234
0.080933 0.391654 0.0
0.068943 0.441566 0.0
0.048369 0.446019 0.098208
0.036379 -0.011765 -0.057311
-0.041036 -0.01167 -0.056273
-0.032543 -0.013254 -0.09219
0.033237 -0.013444 -0.0928
0.050472 0.198053 -0.051875
0.039178 0.200833 -0.09342
-0.037914 0.200973 -0.092684
-0.048317 0.198025 -0.050654
-0.041036 -0.01167 -0.056273
-0.03261 -0.010086 -0.020357
-0.040694 0.195077 -0.008623
-0.048317 0.198025 -0.050654
-0.03261 -0.010086 -0.020357
0.030359 -0.010086 -0.021822
0.038896 0.195273 -0.01033
-0.040694 0.195077 -0.008623
0.036379 -0.011765 -0.057311
0.033237 -0.013444 -0.0928
0.039178 0.200833 -0.09342
0.050472 0.198053 -0.051875
0.033237 -0.013444 -0.0928
-0.032543 -0.013254 -0.09219
-0.037914 0.200973 -0.092684
0.039178 0.200833 -0.09342
0.030359 -0.010086 -0.021822
0.036379 -0.011765 -0.057311
0.050472 0.198053 -0.051875
0.038896 0.195273 -0.01033
-0.032543 -0.013254 -0.09219
-0.041036 -0.01167 -0.056273
-0.048317 0.198025 -0.050654
-0.037914 0.200973 -0.092684
0.038896 0.195273 -0.01033
0.050472 0.198053 -0.051875
-0.048317 0.198025 -0.050654
-0.040694 0.195077 -0.008623
0.030359 -0.010086 -0.021822
-0.03261 -0.010086 -0.020357
-0.041036 -0.01167 -0.056273
0.036379 -0.011765 -0.057311
0.054976 0.203735 -0.051393
-0.052712 0.203705 -0.050062
-0.041371 0.206918 -0.095878
0.042664 0.206766 -0.09668
0.042357 0.200704 -0.006105
-0.044402 0.200491 -0.004245
-0.052712 0.203705 -0.050062
0.054976 0.203735 -0.051393
0.058012 0.408427 -0.045728
0.043436 0.411503 -0.091699
-0.041868 0.411658 -0.090885
-0.059046 0.408396 -0.044377
0.049661 0.40535 0.0
0.058012 0.408427 -0.045728
-0.059046 0.408396 -0.044377
-0.050733 0.405134 -0.000581
-0.052712 0.203705 -0.050062
-0.044402 0.200491 -0.004245
-0.050733 0.405134 -0.000581
-0.059046 0.408396 -0.044377
-0.041371 0.206918 -0.095878
-0.052712 0.203705 -0.050062
-0.059046 0.408396 -0.044377
-0.041868 0.411658 -0.090885
-0.044402 0.200491 -0.004245
0.042357 0.200704 -0.006105
0.049661 0.40535 0.0
-0.050733 0.405134 -0.000581
0.054976 0.203735 -0.051393
0.042664 0.206766 -0.09668
0.043436 0.411503 -0.091699
0.058012 0.408427 -0.045728
0.042357 0.200704 -0.006105
0.054976 0.203735 -0.051393
0.058012 0.408427 -0.045728
0.049661 0.40535 0.0
0.042664 0.206766 -0.09668
-0.041371 0.206918 -0.095878
-0.041868 0.411658 -0.090885
0.043436 0.411503 -0.091699
0.036379 -0.011765 0.057311
0.033237 -0.013444 0.0928
-0.032543 -0.013254 0.09219
-0.041036 -0.01167 0.056273
0.050472 0.198053 0.051875
-0.048317 0.198025 0.050654
-0.037914 0.200973 0.092684
0.039178 0.200833 0.09342
-0.041036 -0.01167 0.056273
-0.048317 0.198025 0.050654
-0.040694 0.195077 0.008623
-0.03261 -0.010086 0.020357
-0.03261 -0.010086 0.020357
-0.040694 0.195077 0.008623
0.038896 0.195273 0.01033
0.030359 -0.010086 0.021822
0.036379 -0.011765 0.057311
0.050472 0.198053 0.051875
0.039178 0.200833 0.09342
0.033237 -0.013444 0.0928
0.033237 -0.013444 0.0928
0.039178 0.200833 0.09342
-0.037914 0.200973 0.092684
-0.032543 -0.013254 0.09219
0.030359 -0.010086 0.021822
0.038896 0.195273 0.01033
0.050472 0.198053 0.051875
0.036379 -0.011765 0.057311
-0.032543 -0.013254 0.09219
-0.037914 0.200973 0.092684
-0.048317 0.198025 0.050654
-0.041036 -0.01167 0.056273
0.038896 0.195273 0.01033
-0.040694 0.195077 0.008623
-0.048317 0.198025 0.050654
0.050472 0.198053 0.051875
0.030359 -0.010086 0.021822
0.036379 -0.011765 0.057311
-0.041036 -0.01167 0.056273
-0.03261 -0.010086 0.020357
0.054976 0.203735 0.051393
0.042664 0.206766 0.09668
-0.041371 0.206918 0.095878
-0.052712 0.203705 0.050062
0.042357 0.200704 0.006105
0.054976 0.203735 0.051393
-0.052712 0.203705 0.050062
-0.044402 0.200491 0.004245
0.058012 0.408427 0.045728
-0.059046 0.408396 0.044377
-0.041868 0.411658 0.090885
0.043436 0.411503 0.091699
0.049661 0.40535 0.0
-0.050733 0.405134 0.000581
-0.059046 0.408396 0.044377
0.058012 0.408427 0.045728
-0.052712 0.203705 0.050062
-0.059046 0.408396 0.044377
-0.050733 0.405134 0.000581
-0.044402 0.200491 0.004245
-0.041371 0.206918 0.095878
-0.041868 0.411658 0.090885
-0.059046 0.408396 0.044377
-0.052712 0.203705 0.050062
-0.044402 0.200491 0.004245
-0.050733 0.405134 0.000581
0.049661 0.40535 0.0
0.042357 0.200704 0.006105
0.054976 0.203735 0.051393
0.058012 0.408427 0.045728
0.043436 0.411503 0.091699
0.042664 0.206766 0.09668
0.042357 0.200704 0.006105
0.049661 0.40535 0.0
0.058012 0.408427 0.045728
0.054976 0.203735 0.051393
0.042664 0.206766 0.09668
0.043436 0.411503 0.091699
-0.041868 0.411658 0.090885
-0.041371 0.206918 0.095878
0.069672 0.20544 -0.048414
0.053572 0.207018 -0.102626
0.046257 0.244138 -0.100873
0.063789 0.258337 -0.045548
0.069672 0.20544 -0.048414
0.063789 0.258337 -0.045548
0.052607 0.235528 -0.002892
0.059224 0.200659 -0.004781
0.059477 0.152544 -0.05128
0.069672 0.20544 -0.048414
0.059224 0.200659 -0.004781
0.049764 0.16579 -0.00667
0.059477 0.152544 -0.05128
0.044809 0.169899 -0.104379
0.053572 0.207018 -0.102626
0.069672 0.20544 -0.048414
0.053572 0.207018 -0.102626
0.044809 0.169899 -0.104379
-0.000954 0.184969 -0.103084
-0.000526 0.206904 -0.102048
0.046257 0.244138 -0.100873
0.053572 0.207018 -0.102626
-0.000526 0.206904 -0.102048
-9.9e-05 0.228839 -0.101012
-0.000526 0.206904 -0.102048
-0.000954 0.184969 -0.103084
-0.04649 0.194642 -0.100516
-0.047035 0.207249 -0.10001
-9.9e-05 0.228839 -0.101012
-0.000526 0.206904 -0.102048
-0.047035 0.207249 -0.10001
-0.04758 0.219856 -0.099505
-0.047035 0.207249 -0.10001
-0.04649 0.194642 -0.100516
-0.060628 0.193816 -0.05044
-0.061015 0.20278 -0.050081
-0.04758 0.219856 -0.099505
-0.047035 0.207249 -0.10001
-0.061015 0.20278 -0.050081
-0.061403 0.211745 -0.049721
-0.061015 0.20278 -0.050081
-0.060628 0.193816 -0.05044
-0.048362 0.187124 -0.002865
-0.04887 0.198874 -0.002393
-0.061403 0.211745 -0.049721
-0.061015 0.20278 -0.050081
-0.04887 0.198874 -0.002393
-0.049378 0.210625 -0.001922
0.069672 0.20544 0.048414
0.063789 0.258337 0.045548
0.046257 0.244138 0.100873
0.053572 0.207018 0.102626
0.069672 0.20544 0.048414
0.059224 0.200659 0.004781
0.052607 0.235528 0.002892
0.063789 0.258337 0.045548
0.059477 0.152544 0.05128
0.049764 0.16579 0.00667
0.059224 0.200659 0.004781
0.069672 0.20544 0.048414
0.059477 0.152544 0.05128
0.069672 0.20544 0.048414
0.053572 0.207018 0.102626
0.044809 0.169899 0.104379
0.053572 0.207018 0.102626
-0.000526 0.206904 0.102048
-0.000954 0.184969 0.103084
0.044809 0.169899 0.104379
0.046257 0.244138 0.100873
-9.9e-05 0.228839 0.101012
-0.000526 0.206904 0.102048
0.053572 0.207018 0.102626
-0.000526 0.206904 0.102048
-0.047035 0.207249 0.10001
-0.04649 0.194642 0.100516
-0.000954 0.184969 0.103084
-9.9e-05 0.228839 0.101012
-0.04758 0.219856 0.099505
-0.047035 0.207249 0.10001
-0.000526 0.206904 0.102048
-0.047035 0.207249 0.10001
-0.061015 0.20278 0.050081
-0.060628 0.193816 0.05044
-0.04649 0.194642 0.100516
-0.04758 0.219856 0.099505
-0.061403 0.211745 0.049721
-0.061015 0.20278 0.050081
-0.047035 0.207249 0.10001
-0.061015 0.20278 0.050081
-0.04887 0.198874 0.002393
-0.048362 0.187124 0.002865
-0.060628 0.193816 0.05044
-0.061403 0.211745 0.049721
-0.049378 0.210625 0.001922
-0.04887 0.198874 0.002393
-0.061015 0.20278 0.050081
-0.098324 0.649935 -0.067885
-0.084554 0.712663 -0.067374
-0.071125 0.736593 -0.135353
-0.098606 0.682712 -0.14019
-0.089707 0.678418 0.138333
-0.063878 0.739332 0.135353
-0.08432 0.717345 0.064716
-0.105648 0.655904 0.068962
-0.105648 0.655904 0.068962
-0.08432 0.717345 0.064716
-0.081306 0.700111 0.007779
-0.114816 0.641828 -0.009228
-0.114816 0.641828 -0.009228
-0.081306 0.700111 0.007779
-0.084554 0.712663 -0.067374
-0.098324 0.649935 -0.067885
-0.132665 0.26653 0.00311
-0.12128 0.338567 0.015187
-0.107231 0.370049 -0.078454
-0.126399 0.293601 -0.081684
-0.12128 0.338567 0.015187
-0.125359 0.429289 -0.001611
-0.125163 0.44751 -0.082091
-0.107231 0.370049 -0.078454
-0.125359 0.429289 -0.001611
-0.135787 0.479394 -0.00037
-0.116226 0.511147 -0.077465
-0.125163 0.44751 -0.082091
-0.135787 0.479394 -0.00037
-0.12297 0.569613 0.008551
-0.114549 0.606865 -0.07819
-0.116226 0.511147 -0.077465
-0.12297 0.569613 0.008551
-0.114816 0.641828 -0.009228
-0.098324 0.649935 -0.067885
-0.114549 0.606865 -0.07819
-0.11875 0.335336 0.08281
-0.118907 0.408632 0.085074
-0.12128 0.338567 0.015187
-0.132665 0.26653 0.00311
-0.118907 0.408632 0.085074
-0.110384 0.468971 0.073169
-0.125359 0.429289 -0.001611
-0.12128 0.338567 0.015187
-0.110384 0.468971 0.073169
-0.122867 0.537077 0.084337
-0.135787 0.479394 -0.00037
-0.125359 0.429289 -0.001611
-0.122867 0.537077 0.084337
-0.106682 0.602448 0.069992
-0.12297 0.569613 0.008551
-0.135787 0.479394 -0.00037
-0.106682 0.602448 0.069992
-0.105648 0.655904 0.068962
-0.114816 0.641828 -0.009228
-0.12297 0.569613 0.008551
-0.112167 0.314592 0.165544
-0.098235 0.381227 0.171092
-0.118907 0.408632 0.085074
-0.11875 0.335336 0.08281
-0.098235 0.381227 0.171092
-0.100213 0.457155 0.161863
-0.110384 0.468971 0.073169
-0.118907 0.408632 0.085074
-0.100213 0.457155 0.161863
-0.094712 0.52467 0.15282
-0.122867 0.537077 0.084337
-0.110384 0.468971 0.073169
-0.094712 0.52467 0.15282
-0.097356 0.604543 0.14528
-0.106682 0.602448 0.069992
-0.122867 0.537077 0.084337
-0.097356 0.604543 0.14528
-0.089707 0.678418 0.138333
-0.105648 0.655904 0.068962
-0.106682 0.602448 0.069992
-0.126399 0.293601 -0.081684
-0.107231 0.370049 -0.078454
-0.109716 0.426279 -0.158037
-0.104237 0.359738 -0.164904
-0.107231 0.370049 -0.078454
-0.125163 0.44751 -0.082091
-0.105845 0.495329 -0.153481
-0.109716 0.426279 -0.158037
-0.125163 0.44751 -0.082091
-0.116226 0.511147 -0.077465
-0.093776 0.562032 -0.139268
-0.105845 0.495329 -0.153481
-0.116226 0.511147 -0.077465
-0.114549 0.606865 -0.07819
-0.094243 0.618665 -0.139908
-0.093776 0.562032 -0.139268
-0.114549 0.606865 -0.07819
-0.098324 0.649935 -0.067885
-0.098606 0.682712 -0.14019
-0.094243 0.618665 -0.139908
-0.041349 0.687471 -0.214725
-0.042137 0.695117 -0.207101
-0.041349 0.702763 -0.214725
-0.04056 0.695117 -0.222349
-0.04056 0.695117 -0.222349
-0.041349 0.702763 -0.214725
0.046349 0.702763 -0.209804
0.047138 0.695117 -0.217428
0.047138 0.695117 -0.217428
0.046349 0.702763 -0.209804
0.045561 0.695117 -0.202181
0.046349 0.687471 -0.209804
0.046349 0.687471 -0.209804
0.045561 0.695117 -0.202181
-0.042137 0.695117 -0.207101
-0.041349 0.687471 -0.214725
-0.04056 0.695117 -0.222349
0.047138 0.695117 -0.217428
0.046349 0.687471 -0.209804
-0.041349 0.687471 -0.214725
0.046349 0.702763 -0.209804
-0.041349 0.702763 -0.214725
-0.042137 0.695117 -0.207101
0.045561 0.695117 -0.202181
-0.008454 0.604432 -0.21302
-0.042522 0.606243 -0.209562
-0.035189 0.585634 -0.216733
-0.014531 0.578316 -0.210802
0.046884 0.609975 -0.210311
0.015868 0.61281 -0.207656
0.018566 0.580199 -0.213174
0.042039 0.585181 -0.203897
0.015868 0.61281 -0.207656
-0.008454 0.604432 -0.21302
-0.014531 0.578316 -0.210802
0.018566 0.580199 -0.213174
0.017245 0.678611 -0.212584
-0.015576 0.685392 -0.216323
-0.008248 0.657841 -0.211551
0.020877 0.655391 -0.21244
0.020877 0.655391 -0.21244
-0.008248 0.657841 -0.211551
-0.013448 0.628797 -0.21368
0.016563 0.628603 -0.212011
0.016563 0.628603 -0.212011
-0.013448 0.628797 -0.21368
-0.008454 0.604432 -0.21302
0.015868 0.61281 -0.207656
0.046349 0.686867 -0.209804
0.017245 0.678611 -0.212584
0.020877 0.655391 -0.21244
0.046591 0.661328 -0.209744
0.046591 0.661328 -0.209744
0.020877 0.655391 -0.21244
0.016563 0.628603 -0.212011
0.049979 0.63468 -0.213262
0.049979 0.63468 -0.213262
0.016563 0.628603 -0.212011
0.015868 0.61281 -0.207656
0.046884 0.609975 -0.210311
-0.015576 0.685392 -0.216323
-0.041349 0.686867 -0.214725
-0.038228 0.665678 -0.207662
-0.008248 0.657841 -0.211551
-0.008248 0.657841 -0.211551
-0.038228 0.665678 -0.207662
-0.041424 0.635821 -0.214734
-0.013448 0.628797 -0.21368
-0.013448 0.628797 -0.21368
-0.041424 0.635821 -0.214734
-0.042522 0.606243 -0.209562
-0.008454 0.604432 -0.21302
0.086729 -0.04257 0.261828
0.086729 0.977028 0.261828
0.104799 0.977028 0.245619
0.104799 -0.04257 0.245619
0.104799 -0.04257 0.245619
0.104799 0.977028 0.245619
0.121008 0.977028 0.26369
0.121008 -0.04257 0.26369
0.121008 -0.04257 0.26369
0.121008 0.977028 0.26369
0.102938 0.977028 0.279899
0.102938 -0.04257 0.279899
0.102938 -0.04257 0.279899
0.102938 0.977028 0.279899
0.086729 0.977028 0.261828
0.086729 -0.04257 0.261828
0.104799 -0.04257 0.245619
0.121008 -0.04257 0.26369
0.102938 -0.04257 0.279899
0.086729 -0.04257 0.261828
0.121008 0.977028 0.26369
0.104799 0.977028 0.245619
0.086729 0.977028 0.261828
0.102938 0.977028 0.279899
0.256241 0.944129 0.177671
0.002809 0.960429 0.404992
-0.0134 0.960429 0.386921
0.240032 0.944129 0.1596
0.257084 0.967781 0.176914
0.240875 0.967781 0.158844
-0.012557 0.984081 0.386165
0.003652 0.984081 0.404236
-0.0134 0.960429 0.386921
0.002809 0.960429 0.404992
0.003652 0.984081 0.404236
-0.012557 0.984081 0.386165
0.256241 0.944129 0.177671
0.240032 0.944129 0.1596
0.240875 0.967781 0.158844
0.257084 0.967781 0.176914
0.002809 0.960429 0.404992
0.256241 0.944129 0.177671
0.257084 0.967781 0.176914
0.003652 0.984081 0.404236
0.240032 0.944129 0.1596
-0.0134 0.960429 0.386921
-0.012557 0.984081 0.386165
0.240875 0.967781 0.158844
0.067888 0.570007 0.331457
0.000464 0.598387 0.39934
-0.009716 0.497816 0.381978
0.064411 0.475942 0.339886
0.257139 0.586185 0.164821
0.192959 0.553701 0.233633
0.188282 0.47112 0.220755
0.269879 0.49568 0.151565
0.192959 0.553701 0.233633
0.123163 0.539984 0.283441
0.121334 0.454146 0.285074
0.188282 0.47112 0.220755
0.123163 0.539984 0.283441
0.067888 0.570007 0.331457
0.064411 0.475942 0.339886
0.121334 0.454146 0.285074
0.120097 0.903347 0.287783
0.052741 0.930713 0.329544
0.065714 0.8381 0.329365
0.137255 0.827404 0.28188
0.137255 0.827404 0.28188
0.065714 0.8381 0.329365
0.054221 0.747922 0.32168
0.128557 0.733223 0.273848
0.128557 0.733223 0.273848
0.054221 0.747922 0.32168
0.064621 0.657602 0.329475
0.134052 0.643771 0.272433
0.134052 0.643771 0.272433
0.064621 0.657602 0.329475
0.067888 0.570007 0.331457
0.123163 0.539984 0.283441
0.1877 0.927343 0.211294
0.120097 0.903347 0.287783
0.137255 0.827404 0.28188
0.176906 0.8391 0.212765
0.176906 0.8391 0.212765
0.137255 0.827404 0.28188
0.128557 0.733223 0.273848
0.187542 0.726179 0.206934
0.187542 0.726179 0.206934
0.128557 0.733223 0.273848
0.134052 0.643771 0.272433
0.189098 0.650129 0.213005
0.189098 0.650129 0.213005
0.134052 0.643771 0.272433
0.123163 0.539984 0.283441
0.192959 0.553701 0.233633
0.256115 0.94194 0.1596
0.1877 0.927343 0.211294
0.176906 0.8391 0.212765
0.251825 0.839424 0.171268
0.251825 0.839424 0.171268
0.176906 0.8391 0.212765
0.187542 0.726179 0.206934
0.258805 0.753826 0.159569
0.258805 0.753826 0.159569
0.187542 0.726179 0.206934
0.189098 0.650129 0.213005
0.25571 0.673161 0.159323
0.25571 0.673161 0.159323
0.189098 0.650129 0.213005
0.192959 0.553701 0.233633
0.257139 0.586185 0.164821
0.052741 0.930713 0.329544
0.002684 0.95824 0.386921
0.006178 0.867376 0.385056
0.065714 0.8381 0.329365
0.065714 0.8381 0.329365
0.006178 0.867376 0.385056
0.005275 0.77807 0.387062
0.054221 0.747922 0.32168
0.054221 0.747922 0.32168
0.005275 0.77807 0.387062
0.005386 0.690322 0.389698
0.064621 0.657602 0.329475
0.064621 0.657602 0.329475
0.005386 0.690322 0.389698
0.000464 0.598387 0.39934
0.067888 0.570007 0.331457
0.136056 0.735525 0.275546
0.068304 0.587704 0.344791
0.057588 0.541224 0.352762
0.129083 0.696052 0.283023
0.197984 0.887062 0.204777
0.136056 0.735525 0.275546
0.129083 0.696052 0.283023
0.180066 0.799192 0.222082
0.081973 0.675829 0.323681
0.100951 0.65768 0.307137
0.089907 0.645315 0.325146
0.074478 0.674898 0.327943
0.181659 0.750294 0.238191
0.167546 0.773482 0.251624
0.17579 0.794617 0.236624
0.188574 0.763704 0.223022
0.167546 0.773482 0.251624
0.146591 0.780602 0.2724
0.154038 0.806303 0.266365
0.17579 0.794617 0.236624
0.158513 0.656595 0.259296
0.174342 0.673564 0.244882
0.18687 0.657278 0.237423
0.162825 0.629995 0.258304
0.179194 0.723428 0.238963
0.181659 0.750294 0.238191
0.188574 0.763704 0.223022
0.204293 0.726453 0.216267
0.186825 0.695074 0.236099
0.179194 0.723428 0.238963
0.204293 0.726453 0.216267
0.201804 0.6908 0.220366
0.174342 0.673564 0.244882
0.186825 0.695074 0.236099
0.201804 0.6908 0.220366
0.18687 0.657278 0.237423
0.079902 0.736952 0.320268
0.081953 0.708663 0.321636
0.062199 0.708016 0.338813
0.058411 0.736325 0.341052
0.111366 0.779361 0.302811
0.092444 0.760903 0.312419
0.080527 0.772991 0.325923
0.096788 0.795183 0.308661
0.146591 0.780602 0.2724
0.12838 0.786782 0.283523
0.124368 0.806506 0.292636
0.154038 0.806303 0.266365
0.081953 0.708663 0.321636
0.081973 0.675829 0.323681
0.074478 0.674898 0.327943
0.062199 0.708016 0.338813
0.092444 0.760903 0.312419
0.079902 0.736952 0.320268
0.058411 0.736325 0.341052
0.080527 0.772991 0.325923
0.12838 0.786782 0.283523
0.111366 0.779361 0.302811
0.096788 0.795183 0.308661
0.124368 0.806506 0.292636
0.134343 0.648869 0.272736
0.158513 0.656595 0.259296
0.162825 0.629995 0.258304
0.141861 0.624288 0.275308
0.112882 0.656499 0.293679
0.134343 0.648869 0.272736
0.141861 0.624288 0.275308
0.116122 0.629359 0.303319
0.100951 0.65768 0.307137
0.112882 0.656499 0.293679
0.116122 0.629359 0.303319
0.089907 0.645315 0.325146

no_normals
0.5 0.125
0.625 0.125
0.625 0.25
0.5 0.25
0.5 0.375
0.625 0.375
0.625 0.5
0.5 0.5
0.75 0.5
0.875 0.5
0.875 0.625
0.75 0.625
0.25 0.5
0.375 0.5
0.375 0.625
0.25 0.625
0.5 0.5
0.625 0.5
0.625 0.625
0.5 0.625
0.125 0.5
0.25 0.5
0.25 0.625
0.125 0.625
0.625 0.5
0.75 0.5
0.75 0.625
0.625 0.625
0.5 0.25
0.625 0.25
0.625 0.375
0.5 0.375
0.375 0.25
0.5 0.25
0.5 0.375
0.375 0.375
0.375 0.5
0.5 0.5
0.5 0.625
0.375 0.625
0.375 0.375
0.5 0.375
0.5 0.5
0.375 0.5
0.375 0.125
0.5 0.125
0.5 0.25
0.375 0.25
0.5 0.125
0.5 0.25
0.625 0.25
0.625 0.125
0.5 0.375
0.5 0.5
0.625 0.5
0.625 0.375
0.75 0.5
0.75 0.625
0.875 0.625
0.875 0.5
0.25 0.5
0.25 0.625
0.375 0.625
0.375 0.5
0.5 0.5
0.5 0.625
0.625 0.625
0.625 0.5
0.125 0.5
0.125 0.625
0.25 0.625
0.25 0.5
0.625 0.5
0.625 0.625
0.75 0.625
0.75 0.5
0.5 0.25
0.5 0.375
0.625 0.375
0.625 0.25
0.375 0.25
0.375 0.375
0.5 0.375
0.5 0.25
0.375 0.5
0.375 0.625
0.5 0.625
0.5 0.5
0.375 0.375
0.375 0.5
0.5 0.5
0.5 0.375
0.375 0.125
0.375 0.25
0.5 0.25
0.5 0.125
0.5 0.5
0.625 0.5
0.625 0.625
0.5 0.625
0.5 0.5
0.5 0.625
0.625 0.625
0.625 0.5
0.5 0.5
0.625 0.5
0.625 0.625
0.5 0.625
0.5 0.5
0.5 0.625
0.625 0.625
0.625 0.5
0.5 0.5
0.625 0.5
0.625 0.625
0.5 0.625
0.5 0.5
0.5 0.625
0.625 0.625
0.625 0.5
0.875 0.5
0.815491 0.5
0.660425 0.5
0.625 0.5
0.625 0.5
0.875 0.5
0.375 0.5
0.607752 0.5
0.609659 0.625
0.375 0.625
0.660425 0.5
0.815491 0.5
0.821455 0.625
0.656875 0.625
0.375 0.5
0.125 0.5
0.125 0.5
0.375 0.5
0.625 0.5
0.607752 0.5
0.375 0.5
0.375 0.5
0.625 0.5
0.125 0.5
0.375 0.5
0.375 0.625
0.125 0.625
0.375 0.25
0.625 0.25
0.625 0.5
0.375 0.5
0.660425 0.5
0.627362 0.488578
0.625 0.5
0.660425 0.5
0.656875 0.625
0.609659 0.625
0.607752 0.5
0.375 0.125
0.599377 0.125
0.59644 0.25
0.375 0.25
0.59644 0.25
0.625 0.25
0.625 0.25
0.625 0.139209
0.625 0.25
0.59644 0.25
0.599377 0.125
0.375 0.25
0.59644 0.25
0.625 0.25
0.625 0.25
0.375 0.25
0.875 0.5
0.875 0.5
0.625 0.5
0.625 0.5
0.660425 0.5
0.815491 0.5
0.375 0.5
0.375 0.625
0.609659 0.625
0.607752 0.5
0.660425 0.5
0.656875 0.625
0.821455 0.625
0.815491 0.5
0.375 0.5
0.375 0.5
0.125 0.5
0.125 0.5
0.625 0.5
0.625 0.5
0.375 0.5
0.375 0.5
0.607752 0.5
0.125 0.5
0.125 0.625
0.375 0.625
0.375 0.5
0.375 0.25
0.375 0.5
0.625 0.5
0.625 0.25
0.660425 0.5
0.625 0.5
0.627362 0.488578
0.660425 0.5
0.607752 0.5
0.609659 0.625
0.656875 0.625
0.375 0.125
0.375 0.25
0.59644 0.25
0.599377 0.125
0.59644 0.25
0.625 0.25
0.625 0.25
0.625 0.139209
0.599377 0.125
0.59644 0.25
0.625 0.25
0.375 0.25
0.375 0.25
0.625 0.25
0.625 0.25
0.59644 0.25
0.375 0.25
0.625 0.25
0.625 0.25
0.375 0.25
0.375 0.5
0.125 0.5
0.125 0.5
0.375 0.5
0.625 0.5
0.375 0.5
0.375 0.5
0.625 0.5
0.875 0.5
0.625 0.5
0.625 0.5
0.875 0.5
0.375 0.5
0.125 0.5
0.125 0.5
0.375 0.5
0.875 0.5
0.625 0.5
0.625 0.5
0.875 0.5
0.625 0.5
0.375 0.5
0.375 0.5
0.625 0.5
0.375 0.25
0.625 0.25
0.625 0.25
0.375 0.25
0.375 0.25
0.375 0.25
0.625 0.25
0.625 0.25
0.375 0.5
0.375 0.5
0.125 0.5
0.125 0.5
0.625 0.5
0.625 0.5
0.375 0.5
0.375 0.5
0.875 0.5
0.875 0.5
0.625 0.5
0.625 0.5
0.375 0.5
0.375 0.5
0.125 0.5
0.125 0.5
0.875 0.5
0.875 0.5
0.625 0.5
0.625 0.5
0.625 0.5
0.625 0.5
0.375 0.5
0.375 0.5
0.375 0.25
0.375 0.25
0.625 0.25
0.625 0.25
0.375 0.125
0.625 0.125
0.625 0.25
0.375 0.25
0.375 0.25
0.625 0.25
0.625 0.5
0.375 0.5
0.375 0.625
0.625 0.625
0.625 0.75
0.375 0.75
0.375 0.75
0.625 0.75
0.625 1.0
0.375 1.0
0.125 0.625
0.375 0.625
0.375 0.75
0.125 0.75
0.625 0.625
0.875 0.625
0.875 0.75
0.625 0.75
0.625 0.5
0.875 0.5
0.875 0.625
0.625 0.625
0.125 0.5
0.375 0.5
0.375 0.625
0.125 0.625
0.375 0.5
0.625 0.5
0.625 0.625
0.375 0.625
0.375 0.0
0.625 0.0
0.625 0.125
0.375 0.125
0.375 0.125
0.375 0.25
0.625 0.25
0.625 0.125
0.375 0.25
0.375 0.5
0.625 0.5
0.625 0.25
0.375 0.625
0.375 0.75
0.625 0.75
0.625 0.625
0.375 0.75
0.375 1.0
0.625 1.0
0.625 0.75
0.125 0.625
0.125 0.75
0.375 0.75
0.375 0.625
0.625 0.625
0.625 0.75
0.875 0.75
0.875 0.625
0.625 0.5
0.625 0.625
0.875 0.625
0.875 0.5
0.125 0.5
0.125 0.625
0.375 0.625
0.375 0.5
0.375 0.5
0.375 0.625
0.625 0.625
0.625 0.5
0.375 0.0
0.375 0.125
0.625 0.125
0.625 0.0
0.375 0.25
0.625 0.25
0.625 0.5
0.375 0.5
0.625 0.25
0.375 0.25
0.375 0.25
0.625 0.25
0.625 0.25
0.375 0.25
0.375 0.25
0.625 0.25
0.625 0.25
0.375 0.25
0.375 0.25
0.625 0.25
0.375 0.5
0.625 0.5
0.625 0.5
0.375 0.5
0.375 0.5
0.625 0.5
0.625 0.5
0.375 0.5
0.625 0.25
0.375 0.25
0.375 0.25
0.625 0.25
0.625 0.25
0.375 0.25
0.375 0.25
0.625 0.25
0.375 0.5
0.625 0.5
0.625 0.25
0.375 0.25
0.375 0.25
0.375 0.5
0.625 0.5
0.625 0.25
0.625 0.25
0.625 0.25
0.375 0.25
0.375 0.25
0.625 0.25
0.625 0.25
0.375 0.25
0.375 0.25
0.625 0.25
0.625 0.25
0.375 0.25
0.375 0.25
0.375 0.5
0.375 0.5
0.625 0.5
0.625 0.5
0.375 0.5
0.375 0.5
0.625 0.5
0.625 0.5
0.625 0.25
0.625 0.25
0.375 0.25
0.375 0.25
0.625 0.25
0.625 0.25
0.375 0.25
0.375 0.25
0.375 0.5
0.375 0.25
0.625 0.25
0.625 0.5
0.875 0.75
0.821517 0.75
0.678483 0.75
0.625 0.75
0.625 0.75
0.875 0.75
0.679676 0.5
0.820328 0.5
0.815667 0.5
0.684342 0.5
0.625 0.75
0.625 0.563679
0.625 0.57776
0.625 0.75
0.625 0.57776
0.684342 0.5
0.815667 0.5
0.875 0.577728
0.875 0.75
0.625 0.75
0.875 0.56373
0.875 0.75
0.875 0.75
0.875 0.577728
0.875 0.56373
0.820328 0.5
0.821517 0.559152
0.625 0.563679
0.678483 0.559152
0.679676 0.5
0.625 0.57776
0.625 0.563679
0.679676 0.5
0.684342 0.5
0.875 0.75
0.875 0.56373
0.821517 0.559152
0.821517 0.75
0.820328 0.5
0.679676 0.5
0.678483 0.559152
0.821517 0.559152
0.625 0.563679
0.625 0.75
0.678483 0.75
0.678483 0.559152
0.815667 0.5
0.820328 0.5
0.875 0.56373
0.875 0.577728
0.678483 0.559152
0.678483 0.75
0.821517 0.75
0.821517 0.559152
0.875 0.75
0.875 0.75
0.625 0.75
0.625 0.75
0.678483 0.75
0.821517 0.75
0.679676 0.5
0.684342 0.5
0.815667 0.5
0.820328 0.5
0.625 0.75
0.625 0.75
0.625 0.57776
0.625 0.563679
0.625 0.57776
0.625 0.75
0.875 0.75
0.875 0.577728
0.815667 0.5
0.684342 0.5
0.875 0.56373
0.875 0.577728
0.875 0.75
0.875 0.75
0.875 0.56373
0.821517 0.559152
0.820328 0.5
0.625 0.563679
0.679676 0.5
0.678483 0.559152
0.625 0.57776
0.684342 0.5
0.679676 0.5
0.625 0.563679
0.875 0.75
0.821517 0.75
0.821517 0.559152
0.875 0.56373
0.820328 0.5
0.821517 0.559152
0.678483 0.559152
0.679676 0.5
0.625 0.563679
0.678483 0.559152
0.678483 0.75
0.625 0.75
0.815667 0.5
0.875 0.577728
0.875 0.56373
0.820328 0.5
0.678483 0.559152
0.821517 0.559152
0.821517 0.75
0.678483 0.75
0.375 0.125
0.625 0.125
0.625 0.25
0.375 0.25
0.375 0.25
0.625 0.25
0.625 0.5
0.375 0.5
0.375 0.5
0.625 0.5
0.625 0.625
0.375 0.625
0.375 0.125
0.375 0.25
0.625 0.25
0.625 0.125
0.375 0.25
0.375 0.5
0.625 0.5
0.625 0.25
0.375 0.5
0.375 0.625
0.625 0.625
0.625 0.5
0.0 0.0
0.0 0.0
0.0 0.0
0.0 0.0
0.0 0.0
0.0 0.0
0.0 0.0
0.0 0.0
0.0 0.0
0.0 0.0
0.0 0.0
0.0 0.0
0.0 0.0
0.0 0.0
0.0 0.0
0.0 0.0
0.0 0.0
0.0 0.0
0.0 0.0
0.0 0.0
0.0 0.0
0.0 0.0
0.0 0.0
0.0 0.0
0.0 0.0
0.0 0.0
0.0 0.0
0.0 0.0
0.0 0.0
0.0 0.0
0.0 0.0
0.0 0.0
0.0 0.0
0.0 0.0
0.0 0.0
0.0 0.0
0.0 0.0
0.0 0.0
0.0 0.0
0.0 0.0
0.0 0.0
0.0 0.0
0.0 0.0
0.0 0.0
0.0 0.0
0.0 0.0
0.0 0.0
0.0 0.0
0.0 0.0
0.0 0.0
0.0 0.0
0.0 0.0
0.0 0.0
0.0 0.0
0.0 0.0
0.0 0.0
0.0 0.0
0.0 0.0
0.0 0.0
0.0 0.0
0.0 0.0
0.0 0.0
0.0 0.0
0.0 0.0
0.0 0.0
0.0 0.0
0.0 0.0
0.0 0.0
0.0 0.0
0.0 0.0
0.0 0.0
0.0 0.0
0.0 0.0
0.0 0.0
0.0 0.0
0.0 0.0
0.0 0.0
0.0 0.0
0.0 0.0
0.0 0.0
0.0 0.0
0.0 0.0
0.0 0.0
0.0 0.0
0.0 0.0
0.0 0.0
0.0 0.0
0.0 0.0
0.0 0.0
0.0 0.0
0.0 0.0
0.0 0.0
0.0 0.0
0.0 0.0
0.0 0.0
0.0 0.0
0.0 0.0
0.0 0.0
0.0 0.0
0.0 0.0
0.0 0.0
0.0 0.0
0.0 0.0
0.0 0.0
0.0 0.0
0.0 0.0
0.0 0.0
0.0 0.0
0.0 0.0
0.0 0.0
0.0 0.0
0.0 0.0
0.0 0.0
0.0 0.0
0.0 0.0
0.0 0.0
0.0 0.0
0.0 0.0
0.0 0.0
0.0 0.0
0.0 0.0
0.0 0.0
0.0 0.0
0.0 0.0
0.0 0.0
0.0 0.0
0.0 0.0
0.0 0.0
0.0 0.0
0.0 0.0
0.0 0.0
0.0 0.0
0.0 0.0
0.0 0.0
0.0 0.0
0.0 0.0
0.0 0.0
0.0 0.0
0.0 0.0
0.0 0.0
0.0 0.0
0.0 0.0
0.0 0.0
0.0 0.0
0.0 0.0
0.0 0.0
0.0 0.0
0.0 0.0
0.0 0.0
0.0 0.0
0.0 0.0
0.0 0.0
0.0 0.0
0.0 0.0
0.0 0.0
0.0 0.0
0.0 0.0
0.0 0.0
0.0 0.0
0.0 0.0
0.0 0.0
0.0 0.0
0.0 0.0
0.0 0.0
0.0 0.0
0.0 0.0
0.0 0.0
0.0 0.0
0.0 0.0
0.0 0.0
0.0 0.0
0.0 0.0
0.0 0.0
0.0 0.0
0.0 0.0
0.0 0.0
0.0 0.0
0.0 0.0
0.0 0.0
0.0 0.0
0.0 0.0
0.0 0.0
0.0 0.0
0.0 0.0
0.0 0.0
0.0 0.0
0.0 0.0
0.0 0.0
0.0 0.0
0.0 0.0
0.0 0.0
0.0 0.0
0.0 0.0
0.0 0.0
0.0 0.0
0.0 0.0
0.0 0.0
0.0 0.0
0.0 0.0
0.0 0.0
0.0 0.0
0.0 0.0
0.0 0.0
0.0 0.0
0.0 0.0
0.0 0.0
0.0 0.0
0.0 0.0
0.0 0.0
0.0 0.0
0.0 0.0
0.0 0.0
0.0 0.0
0.0 0.0
0.0 0.0
0.0 0.0
0.0 0.0
0.0 0.0
0.0 0.0
0.0 0.0
0.0 0.0
0.0 0.0
0.0 0.0
0.0 0.0
0.0 0.0
0.0 0.0
0.0 0.0
0.0 0.0
0.0 0.0
0.0 0.0
0.0 0.0
0.0 0.0
0.0 0.0
0.0 0.0
0.0 0.0
0.0 0.0
0.0 0.0
0.0 0.0
0.0 0.0
0.0 0.0
0.0 0.0
0.0 0.0
0.0 0.0
0.0 0.0
0.0 0.0
0.0 0.0
0.0 0.0
0.0 0.0
0.0 0.0
0.0 0.0
0.0 0.0
0.0 0.0
0.0 0.0
0.0 0.0
0.0 0.0
0.0 0.0
0.833333 0.75
1.0 0.75
1.0 1.0
0.833333 1.0
0.833333 0.0
1.0 0.0
1.0 0.25
0.833333 0.25
0.833333 0.25
1.0 0.25
1.0 0.5
0.833333 0.5
0.833333 0.5
1.0 0.5
1.0 0.75
0.833333 0.75
0.0 0.5
0.166667 0.5
0.166667 0.75
0.0 0.75
0.166667 0.5
0.333333 0.5
0.333333 0.75
0.166667 0.75
0.333333 0.5
0.5 0.5
0.5 0.75
0.333333 0.75
0.5 0.5
0.666667 0.5
0.666667 0.75
0.5 0.75
0.666667 0.5
0.833333 0.5
0.833333 0.75
0.666667 0.75
0.0 0.25
0.166667 0.25
0.166667 0.5
0.0 0.5
0.166667 0.25
0.333333 0.25
0.333333 0.5
0.166667 0.5
0.333333 0.25
0.5 0.25
0.5 0.5
0.333333 0.5
0.5 0.25
0.666667 0.25
0.666667 0.5
0.5 0.5
0.666667 0.25
0.833333 0.25
0.833333 0.5
0.666667 0.5
0.0 0.0
0.166667 0.0
0.166667 0.25
0.0 0.25
0.166667 0.0
0.333333 0.0
0.333333 0.25
0.166667 0.25
0.333333 0.0
0.5 0.0
0.5 0.25
0.333333 0.25
0.5 0.0
0.666667 0.0
0.666667 0.25
0.5 0.25
0.666667 0.0
0.833333 0.0
0.833333 0.25
0.666667 0.25
0.0 0.75
0.166667 0.75
0.166667 1.0
0.0 1.0
0.166667 0.75
0.333333 0.75
0.333333 1.0
0.166667 1.0
0.333333 0.75
0.5 0.75
0.5 1.0
0.333333 1.0
0.5 0.75
0.666667 0.75
0.666667 1.0
0.5 1.0
0.666667 0.75
0.833333 0.75
0.833333 1.0
0.666667 1.0
0.375 0.0
0.625 0.0
0.625 0.25
0.375 0.25
0.375 0.25
0.625 0.25
0.625 0.5
0.375 0.5
0.375 0.5
0.625 0.5
0.625 0.75
0.375 0.75
0.375 0.75
0.625 0.75
0.625 1.0
0.375 1.0
0.125 0.5
0.375 0.5
0.375 0.75
0.125 0.75
0.625 0.5
0.875 0.5
0.875 0.75
0.625 0.75
0.0 0.0
0.0 0.0
0.0 0.0
0.0 0.0
0.0 0.0
0.0 0.0
0.0 0.0
0.0 0.0
0.0 0.0
0.0 0.0
0.0 0.0
0.0 0.0
0.0 0.0
0.0 0.0
0.0 0.0
0.0 0.0
0.0 0.0
0.0 0.0
0.0 0.0
0.0 0.0
0.0 0.0
0.0 0.0
0.0 0.0
0.0 0.0
0.0 0.0
0.0 0.0
0.0 0.0
0.0 0.0
0.0 0.0
0.0 0.0
0.0 0.0
0.0 0.0
0.0 0.0
0.0 0.0
0.0 0.0
0.0 0.0
0.0 0.0
0.0 0.0
0.0 0.0
0.0 0.0
0.0 0.0
0.0 0.0
0.0 0.0
0.0 0.0
0.0 0.0
0.0 0.0
0.0 0.0
0.0 0.0
0.375 0.0
0.625 0.0
0.625 0.25
0.375 0.25
0.375 0.25
0.625 0.25
0.625 0.5
0.375 0.5
0.375 0.5
0.625 0.5
0.625 0.75
0.375 0.75
0.375 0.75
0.625 0.75
0.625 1.0
0.375 1.0
0.125 0.5
0.375 0.5
0.375 0.75
0.125 0.75
0.625 0.5
0.875 0.5
0.875 0.75
0.625 0.75
0.625 0.5
0.625 0.75
0.875 0.75
0.875 0.5
0.625 0.5
0.875 0.5
0.875 0.75
0.625 0.75
0.875 0.75
0.625 0.75
0.625 0.75
0.875 0.75
0.625 0.5
0.875 0.5
0.875 0.5
0.625 0.5
0.625 0.75
0.625 0.5
0.625 0.5
0.625 0.75
0.875 0.5
0.875 0.75
0.875 0.75
0.875 0.5
0.0 0.0
0.0 0.0
0.0 0.0
0.0 0.0
0.0 0.0
0.0 0.0
0.0 0.0
0.0 0.0
0.0 0.0
0.0 0.0
0.0 0.0
0.0 0.0
0.0 0.0
0.0 0.0
0.0 0.0
0.0 0.0
0.0 0.0
0.0 0.0
0.0 0.0
0.0 0.0
0.0 0.0
0.0 0.0
0.0 0.0
0.0 0.0
0.0 0.0
0.0 0.0
0.0 0.0
0.0 0.0
0.0 0.0
0.0 0.0
0.0 0.0
0.0 0.0
0.0 0.0
0.0 0.0
0.0 0.0
0.0 0.0
0.0 0.0
0.0 0.0
0.0 0.0
0.0 0.0
0.0 0.0
0.0 0.0
0.0 0.0
0.0 0.0
0.0 0.0
0.0 0.0
0.0 0.0
0.0 0.0
0.0 0.0
0.0 0.0
0.0 0.0
0.0 0.0
0.0 0.0
0.0 0.0
0.0 0.0
0.0 0.0
0.0 0.0
0.0 0.0
0.0 0.0
0.0 0.0
0.0 0.0
0.0 0.0
0.0 0.0
0.0 0.0
0.0 0.0
0.0 0.0
0.0 0.0
0.0 0.0
0.0 0.0
0.0 0.0
0.0 0.0
0.0 0.0
0.0 0.0
0.0 0.0
0.0 0.0
0.0 0.0
0.0 0.0
0.0 0.0
0.0 0.0
0.0 0.0
0.0 0.0
0.0 0.0
0.0 0.0
0.0 0.0
0.0 0.0
0.0 0.0
0.0 0.0
0.0 0.0
0.0 0.0
0.0 0.0
0.0 0.0
0.0 0.0
0.0 0.0
0.0 0.0
0.0 0.0
0.0 0.0
0.0 0.0
0.0 0.0
0.0 0.0
0.0 0.0
0.0 0.0
0.0 0.0
0.0 0.0
0.0 0.0
0.0 0.0
0.0 0.0
0.0 0.0
0.0 0.0
0.0 0.0
0.0 0.0
0.0 0.0
0.0 0.0
0.0 0.0
0.0 0.0
0.0 0.0
0.0 0.0
0.0 0.0
0.0 0.0
0.0 0.0
0.0 0.0
0.0 0.0
0.0 0.0
0.0 0.0
0.0 0.0
0.0 0.0
0.0 0.0
0.0 0.0
0.0 0.0
0.0 0.0
0.0 0.0
0.0 0.0
0.0 0.0
0.0 0.0
0.0 0.0
0.0 0.0
0.0 0.0
0.0 0.0
0.0 0.0
0.0 0.0
0.0 0.0
0.0 0.0
0.0 0.0
0.0 0.0
0.0 0.0
0.0 0.0
0.0 0.0
0.0 0.0
0.0 0.0
0.0 0.0
0.0 0.0
0.0 0.0
0.0 0.0

0.425347 0.442383 0.495847 1.0
0.425347 0.442383 0.495847 1.0
0.425347 0.442383 0.495847 1.0
0.425347 0.442383 0.495847 1.0
0.425347 0.442383 0.495847 1.0
0.425347 0.442383 0.495847 1.0
0.425347 0.442383 0.495847 1.0
0.425347 0.442383 0.495847 1.0
0.425347 0.442383 0.495847 1.0
0.425347 0.442383 0.495847 1.0
0.425347 0.442383 0.495847 1.0
0.425347 0.442383 0.495847 1.0
0.425347 0.442383 0.495847 1.0
0.425347 0.442383 0.495847 1.0
0.425347 0.442383 0.495847 1.0
0.425347 0.442383 0.495847 1.0
0.425347 0.442383 0.495847 1.0
0.425347 0.442383 0.495847 1.0
0.425347 0.442383 0.495847 1.0
0.425347 0.442383 0.495847 1.0
0.425347 0.442383 0.495847 1.0
0.425347 0.442383 0.495847 1.0
0.425347 0.442383 0.495847 1.0
0.425347 0.442383 0.495847 1.0
0.425347 0.442383 0.495847 1.0
0.425347 0.442383 0.495847 1.0
0.425347 0.442383 0.495847 1.0
0.425347 0.442383 0.495847 1.0
0.425347 0.442383 0.495847 1.0
0.425347 0.442383 0.495847 1.0
0.425347 0.442383 0.495847 1.0
0.425347 0.442383 0.495847 1.0
0.425347 0.442383 0.495847 1.0
0.425347 0.442383 0.495847 1.0
0.425347 0.442383 0.495847 1.0
0.425347 0.442383 0.495847 1.0
0.425347 0.442383 0.495847 1.0
0.425347 0.442383 0.495847 1.0
0.425347 0.442383 0.495847 1.0
0.425347 0.442383 0.495847 1.0
0.425347 0.442383 0.495847 1.0
0.425347 0.442383 0.495847 1.0
0.425347 0.442383 0.495847 1.0
0.425347 0.442383 0.495847 1.0
0.425347 0.442383 0.495847 1.0
0.425347 0.442383 0.495847 1.0
0.425347 0.442383 0.495847 1.0
0.425347 0.442383 0.495847 1.0
0.425347 0.442383 0.495847 1.0
0.425347 0.442383 0.495847 1.0
0.425347 0.442383 0.495847 1.0
0.425347 0.442383 0.495847 1.0
0.425347 0.442383 0.495847 1.0
0.425347 0.442383 0.495847 1.0
0.425347 0.442383 0.495847 1.0
0.425347 0.442383 0.495847 1.0
0.425347 0.442383 0.495847 1.0
0.425347 0.442383 0.495847 1.0
0.425347 0.442383 0.495847 1.0
0.425347 0.442383 0.495847 1.0
0.425347 0.442383 0.495847 1.0
0.425347 0.442383 0.495847 1.0
0.425347 0.442383 0.495847 1.0
0.425347 0.442383 0.495847 1.0
0.425347 0.442383 0.495847 1.0
0.425347 0.442383 0.495847 1.0
0.425347 0.442383 0.495847 1.0
0.425347 0.442383 0.495847 1.0
0.425347 0.442383 0.495847 1.0
0.425347 0.442383 0.495847 1.0
0.425347 0.442383 0.495847 1.0
0.425347 0.442383 0.495847 1.0
0.425347 0.442383 0.495847 1.0
0.425347 0.442383 0.495847 1.0
0.425347 0.442383 0.495847 1.0
0.425347 0.442383 0.495847 1.0
0.425347 0.442383 0.495847 1.0
0.425347 0.442383 0.495847 1.0
0.425347 0.442383 0.495847 1.0
0.425347 0.442383 0.495847 1.0
0.425347 0.442383 0.495847 1.0
0.425347 0.442383 0.495847 1.0
0.425347 0.442383 0.495847 1.0
0.425347 0.442383 0.495847 1.0
0.425347 0.442383 0.495847 1.0
0.425347 0.442383 0.495847 1.0
0.425347 0.442383 0.495847 1.0
0.425347 0.442383 0.495847 1.0
0.425347 0.442383 0.495847 1.0
0.425347 0.442383 0.495847 1.0
0.425347 0.442383 0.495847 1.0
0.425347 0.442383 0.495847 1.0
0.425347 0.442383 0.495847 1.0
0.425347 0.442383 0.495847 1.0
0.425347 0.442383 0.495847 1.0
0.425347 0.442383 0.495847 1.0
0.112155 0.112155 0.112155 1.0
0.112155 0.112155 0.112155 1.0
0.112155 0.112155 0.112155 1.0
0.112155 0.112155 0.112155 1.0
0.112155 0.112155 0.112155 1.0
0.112155 0.112155 0.112155 1.0
0.112155 0.112155 0.112155 1.0
0.112155 0.112155 0.112155 1.0
0.112155 0.112155 0.112155 1.0
0.112155 0.112155 0.112155 1.0
0.112155 0.112155 0.112155 1.0
0.112155 0.112155 0.112155 1.0
0.112155 0.112155 0.112155 1.0
0.112155 0.112155 0.112155 1.0
0.112155 0.112155 0.112155 1.0
0.112155 0.112155 0.112155 1.0
0.112155 0.112155 0.112155 1.0
0.112155 0.112155 0.112155 1.0
0.112155 0.112155 0.112155 1.0
0.112155 0.112155 0.112155 1.0
0.112155 0.112155 0.112155 1.0
0.112155 0.112155 0.112155 1.0
0.112155 0.112155 0.112155 1.0
0.112155 0.112155 0.112155 1.0
0.425347 0.442383 0.495847 1.0
0.425347 0.442383 0.495847 1.0
0.425347 0.442383 0.495847 1.0
0.425347 0.442383 0.495847 1.0
0.425347 0.442383 0.495847 1.0
0.425347 0.442383 0.495847 1.0
0.425347 0.442383 0.495847 1.0
0.425347 0.442383 0.495847 1.0
0.425347 0.442383 0.495847 1.0
0.425347 0.442383 0.495847 1.0
0.425347 0.442383 0.495847 1.0
0.425347 0.442383 0.495847 1.0
0.425347 0.442383 0.495847 1.0
0.425347 0.442383 0.495847 1.0
0.425347 0.442383 0.495847 1.0
0.425347 0.442383 0.495847 1.0
0.425347 0.442383 0.495847 1.0
0.425347 0.442383 0.495847 1.0
0.425347 0.442383 0.495847 1.0
0.425347 0.442383 0.495847 1.0
0.425347 0.442383 0.495847 1.0
0.425347 0.442383 0.495847 1.0
0.425347 0.442383 0.495847 1.0
0.425347 0.442383 0.495847 1.0
0.425347 0.442383 0.495847 1.0
0.425347 0.442383 0.495847 1.0
0.425347 0.442383 0.495847 1.0
0.425347 0.442383 0.495847 1.0
0.425347 0.442383 0.495847 1.0
0.425347 0.442383 0.495847 1.0
0.425347 0.442383 0.495847 1.0
0.425347 0.442383 0.495847 1.0
0.425347 0.442383 0.495847 1.0
0.425347 0.442383 0.495847 1.0
0.425347 0.442383 0.495847 1.0
0.425347 0.442383 0.495847 1.0
0.425347 0.442383 0.495847 1.0
0.425347 0.442383 0.495847 1.0
0.425347 0.442383 0.495847 1.0
0.425347 0.442383 0.495847 1.0
0.425347 0.442383 0.495847 1.0
0.425347 0.442383 0.495847 1.0
0.425347 0.442383 0.495847 1.0
0.425347 0.442383 0.495847 1.0
0.425347 0.442383 0.495847 1.0
0.425347 0.442383 0.495847 1.0
0.425347 0.442383 0.495847 1.0
0.425347 0.442383 0.495847 1.0
0.425347 0.442383 0.495847 1.0
0.425347 0.442383 0.495847 1.0
0.425347 0.442383 0.495847 1.0
0.425347 0.442383 0.495847 1.0
0.425347 0.442383 0.495847 1.0
0.425347 0.442383 0.495847 1.0
0.425347 0.442383 0.495847 1.0
0.425347 0.442383 0.495847 1.0
0.425347 0.442383 0.495847 1.0
0.425347 0.442383 0.495847 1.0
0.425347 0.442383 0.495847 1.0
0.425347 0.442383 0.495847 1.0
0.425347 0.442383 0.495847 1.0
0.425347 0.442383 0.495847 1.0
0.425347 0.442383 0.495847 1.0
0.425347 0.442383 0.495847 1.0
0.425347 0.442383 0.495847 1.0
0.425347 0.442383 0.495847 1.0
0.425347 0.442383 0.495847 1.0
0.425347 0.442383 0.495847 1.0
0.425347 0.442383 0.495847 1.0
0.425347 0.442383 0.495847 1.0
0.425347 0.442383 0.495847 1.0
0.425347 0.442383 0.495847 1.0
0.425347 0.442383 0.495847 1.0
0.425347 0.442383 0.495847 1.0
0.425347 0.442383 0.495847 1.0
0.425347 0.442383 0.495847 1.0
0.425347 0.442383 0.495847 1.0
0.425347 0.442383 0.495847 1.0
0.425347 0.442383 0.495847 1.0
0.425347 0.442383 0.495847 1.0
0.425347 0.442383 0.495847 1.0
0.425347 0.442383 0.495847 1.0
0.425347 0.442383 0.495847 1.0
0.425347 0.442383 0.495847 1.0
0.425347 0.442383 0.495847 1.0
0.425347 0.442383 0.495847 1.0
0.425347 0.442383 0.495847 1.0
0.425347 0.442383 0.495847 1.0
0.425347 0.442383 0.495847 1.0
0.425347 0.442383 0.495847 1.0
0.425347 0.442383 0.495847 1.0
0.425347 0.442383 0.495847 1.0
0.425347 0.442383 0.495847 1.0
0.425347 0.442383 0.495847 1.0
0.425347 0.442383 0.495847 1.0
0.425347 0.442383 0.495847 1.0
0.425347 0.442383 0.495847 1.0
0.425347 0.442383 0.495847 1.0
0.425347 0.442383 0.495847 1.0
0.425347 0.442383 0.495847 1.0
0.425347 0.442383 0.495847 1.0
0.425347 0.442383 0.495847 1.0
0.425347 0.442383 0.495847 1.0
0.425347 0.442383 0.495847 1.0
0.425347 0.442383 0.495847 1.0
0.425347 0.442383 0.495847 1.0
0.425347 0.442383 0.495847 1.0
0.425347 0.442383 0.495847 1.0
0.20767 0.222304 0.269737 1.0
0.20767 0.222304 0.269737 1.0
0.20767 0.222304 0.269737 1.0
0.20767 0.222304 0.269737 1.0
0.20767 0.222304 0.269737 1.0
0.20767 0.222304 0.269737 1.0
0.20767 0.222304 0.269737 1.0
0.20767 0.222304 0.269737 1.0
0.20767 0.222304 0.269737 1.0
0.20767 0.222304 0.269737 1.0
0.20767 0.222304 0.269737 1.0
0.20767 0.222304 0.269737 1.0
0.20767 0.222304 0.269737 1.0
0.20767 0.222304 0.269737 1.0
0.20767 0.222304 0.269737 1.0
0.20767 0.222304 0.269737 1.0
0.20767 0.222304 0.269737 1.0
0.20767 0.222304 0.269737 1.0
0.20767 0.222304 0.269737 1.0
0.20767 0.222304 0.269737 1.0
0.20767 0.222304 0.269737 1.0
0.20767 0.222304 0.269737 1.0
0.20767 0.222304 0.269737 1.0
0.20767 0.222304 0.269737 1.0
0.20767 0.222304 0.269737 1.0
0.20767 0.222304 0.269737 1.0
0.20767 0.222304 0.269737 1.0
0.20767 0.222304 0.269737 1.0
0.20767 0.222304 0.269737 1.0
0.20767 0.222304 0.269737 1.0
0.20767 0.222304 0.269737 1.0
0.20767 0.222304 0.269737 1.0
0.20767 0.222304 0.269737 1.0
0.20767 0.222304 0.269737 1.0
0.20767 0.222304 0.269737 1.0
0.20767 0.222304 0.269737 1.0
0.20767 0.222304 0.269737 1.0
0.20767 0.222304 0.269737 1.0
0.20767 0.222304 0.269737 1.0
0.20767 0.222304 0.269737 1.0
0.20767 0.222304 0.269737 1.0
0.20767 0.222304 0.269737 1.0
0.20767 0.222304 0.269737 1.0
0.20767 0.222304 0.269737 1.0
0.20767 0.222304 0.269737 1.0
0.20767 0.222304 0.269737 1.0
0.20767 0.222304 0.269737 1.0
0.20767 0.222304 0.269737 1.0
0.20767 0.222304 0.269737 1.0
0.20767 0.222304 0.269737 1.0
0.20767 0.222304 0.269737 1.0
0.20767 0.222304 0.269737 1.0
0.20767 0.222304 0.269737 1.0
0.20767 0.222304 0.269737 1.0
0.20767 0.222304 0.269737 1.0
0.20767 0.222304 0.269737 1.0
0.20767 0.222304 0.269737 1.0
0.20767 0.222304 0.269737 1.0
0.20767 0.222304 0.269737 1.0
0.20767 0.222304 0.269737 1.0
0.20767 0.222304 0.269737 1.0
0.20767 0.222304 0.269737 1.0
0.20767 0.222304 0.269737 1.0
0.20767 0.222304 0.269737 1.0
0.425347 0.442383 0.495847 1.0
0.425347 0.442383 0.495847 1.0
0.425347 0.442383 0.495847 1.0
0.425347 0.442383 0.495847 1.0
0.425347 0.442383 0.495847 1.0
0.425347 0.442383 0.495847 1.0
0.425347 0.442383 0.495847 1.0
0.425347 0.442383 0.495847 1.0
0.425347 0.442383 0.495847 1.0
0.425347 0.442383 0.495847 1.0
0.425347 0.442383 0.495847 1.0
0.425347 0.442383 0.495847 1.0
0.425347 0.442383 0.495847 1.0
0.425347 0.442383 0.495847 1.0
0.425347 0.442383 0.495847 1.0
0.425347 0.442383 0.495847 1.0
0.425347 0.442383 0.495847 1.0
0.425347 0.442383 0.495847 1.0
0.425347 0.442383 0.495847 1.0
0.425347 0.442383 0.495847 1.0
0.425347 0.442383 0.495847 1.0
0.425347 0.442383 0.495847 1.0
0.425347 0.442383 0.495847 1.0
0.425347 0.442383 0.495847 1.0
0.425347 0.442383 0.495847 1.0
0.425347 0.442383 0.495847 1.0
0.425347 0.442383 0.495847 1.0
0.425347 0.442383 0.495847 1.0
0.425347 0.442383 0.495847 1.0
0.425347 0.442383 0.495847 1.0
0.425347 0.442383 0.495847 1.0
0.425347 0.442383 0.495847 1.0
0.425347 0.442383 0.495847 1.0
0.425347 0.442383 0.495847 1.0
0.425347 0.442383 0.495847 1.0
0.425347 0.442383 0.495847 1.0
0.425347 0.442383 0.495847 1.0
0.425347 0.442383 0.495847 1.0
0.425347 0.442383 0.495847 1.0
0.425347 0.442383 0.495847 1.0
0.425347 0.442383 0.495847 1.0
0.425347 0.442383 0.495847 1.0
0.425347 0.442383 0.495847 1.0
0.425347 0.442383 0.495847 1.0
0.425347 0.442383 0.495847 1.0
0.425347 0.442383 0.495847 1.0
0.425347 0.442383 0.495847 1.0
0.425347 0.442383 0.495847 1.0
0.425347 0.442383 0.495847 1.0
0.425347 0.442383 0.495847 1.0
0.425347 0.442383 0.495847 1.0
0.425347 0.442383 0.495847 1.0
0.425347 0.442383 0.495847 1.0
0.425347 0.442383 0.495847 1.0
0.425347 0.442383 0.495847 1.0
0.425347 0.442383 0.495847 1.0
0.425347 0.442383 0.495847 1.0
0.425347 0.442383 0.495847 1.0
0.425347 0.442383 0.495847 1.0
0.425347 0.442383 0.495847 1.0
0.425347 0.442383 0.495847 1.0
0.425347 0.442383 0.495847 1.0
0.425347 0.442383 0.495847 1.0
0.425347 0.442383 0.495847 1.0
0.425347 0.442383 0.495847 1.0
0.425347 0.442383 0.495847 1.0
0.425347 0.442383 0.495847 1.0
0.425347 0.442383 0.495847 1.0
0.425347 0.442383 0.495847 1.0
0.425347 0.442383 0.495847 1.0
0.425347 0.442383 0.495847 1.0
0.425347 0.442383 0.495847 1.0
0.425347 0.442383 0.495847 1.0
0.425347 0.442383 0.495847 1.0
0.425347 0.442383 0.495847 1.0
0.425347 0.442383 0.495847 1.0
0.425347 0.442383 0.495847 1.0
0.425347 0.442383 0.495847 1.0
0.425347 0.442383 0.495847 1.0
0.425347 0.442383 0.495847 1.0
0.20767 0.222304 0.269737 1.0
0.20767 0.222304 0.269737 1.0
0.20767 0.222304 0.269737 1.0
0.20767 0.222304 0.269737 1.0
0.20767 0.222304 0.269737 1.0
0.20767 0.222304 0.269737 1.0
0.20767 0.222304 0.269737 1.0
0.20767 0.222304 0.269737 1.0
0.20767 0.222304 0.269737 1.0
0.20767 0.222304 0.269737 1.0
0.20767 0.222304 0.269737 1.0
0.20767 0.222304 0.269737 1.0
0.20767 0.222304 0.269737 1.0
0.20767 0.222304 0.269737 1.0
0.20767 0.222304 0.269737 1.0
0.20767 0.222304 0.269737 1.0
0.20767 0.222304 0.269737 1.0
0.20767 0.222304 0.269737 1.0
0.20767 0.222304 0.269737 1.0
0.20767 0.222304 0.269737 1.0
0.20767 0.222304 0.269737 1.0
0.20767 0.222304 0.269737 1.0
0.20767 0.222304 0.269737 1.0
0.20767 0.222304 0.269737 1.0
0.20767 0.222304 0.269737 1.0
0.20767 0.222304 0.269737 1.0
0.20767 0.222304 0.269737 1.0
0.20767 0.222304 0.269737 1.0
0.20767 0.222304 0.269737 1.0
0.20767 0.222304 0.269737 1.0
0.20767 0.222304 0.269737 1.0
0.20767 0.222304 0.269737 1.0
0.20767 0.222304 0.269737 1.0
0.20767 0.222304 0.269737 1.0
0.20767 0.222304 0.269737 1.0
0.20767 0.222304 0.269737 1.0
0.20767 0.222304 0.269737 1.0
0.20767 0.222304 0.269737 1.0
0.20767 0.222304 0.269737 1.0
0.20767 0.222304 0.269737 1.0
0.20767 0.222304 0.269737 1.0
0.20767 0.222304 0.269737 1.0
0.20767 0.222304 0.269737 1.0
0.20767 0.222304 0.269737 1.0
0.20767 0.222304 0.269737 1.0
0.20767 0.222304 0.269737 1.0
0.20767 0.222304 0.269737 1.0
0.20767 0.222304 0.269737 1.0
0.20767 0.222304 0.269737 1.0
0.20767 0.222304 0.269737 1.0
0.20767 0.222304 0.269737 1.0
0.20767 0.222304 0.269737 1.0
0.20767 0.222304 0.269737 1.0
0.20767 0.222304 0.269737 1.0
0.20767 0.222304 0.269737 1.0
0.20767 0.222304 0.269737 1.0
0.20767 0.222304 0.269737 1.0
0.20767 0.222304 0.269737 1.0
0.20767 0.222304 0.269737 1.0
0.20767 0.222304 0.269737 1.0
0.20767 0.222304 0.269737 1.0
0.20767 0.222304 0.269737 1.0
0.20767 0.222304 0.269737 1.0
0.20767 0.222304 0.269737 1.0
0.20767 0.222304 0.269737 1.0
0.20767 0.222304 0.269737 1.0
0.20767 0.222304 0.269737 1.0
0.20767 0.222304 0.269737 1.0
0.20767 0.222304 0.269737 1.0
0.20767 0.222304 0.269737 1.0
0.20767 0.222304 0.269737 1.0
0.20767 0.222304 0.269737 1.0
0.20767 0.222304 0.269737 1.0
0.20767 0.222304 0.269737 1.0
0.20767 0.222304 0.269737 1.0
0.20767 0.222304 0.269737 1.0
0.20767 0.222304 0.269737 1.0
0.20767 0.222304 0.269737 1.0
0.20767 0.222304 0.269737 1.0
0.20767 0.222304 0.269737 1.0
0.20767 0.222304 0.269737 1.0
0.20767 0.222304 0.269737 1.0
0.20767 0.222304 0.269737 1.0
0.20767 0.222304 0.269737 1.0
0.20767 0.222304 0.269737 1.0
0.20767 0.222304 0.269737 1.0
0.20767 0.222304 0.269737 1.0
0.20767 0.222304 0.269737 1.0
0.20767 0.222304 0.269737 1.0
0.20767 0.222304 0.269737 1.0
0.20767 0.222304 0.269737 1.0
0.20767 0.222304 0.269737 1.0
0.20767 0.222304 0.269737 1.0
0.20767 0.222304 0.269737 1.0
0.20767 0.222304 0.269737 1.0
0.20767 0.222304 0.269737 1.0
0.20767 0.222304 0.269737 1.0
0.20767 0.222304 0.269737 1.0
0.20767 0.222304 0.269737 1.0
0.20767 0.222304 0.269737 1.0
0.20767 0.222304 0.269737 1.0
0.20767 0.222304 0.269737 1.0
0.20767 0.222304 0.269737 1.0
0.20767 0.222304 0.269737 1.0
0.20767 0.222304 0.269737 1.0
0.20767 0.222304 0.269737 1.0
0.20767 0.222304 0.269737 1.0
0.20767 0.222304 0.269737 1.0
0.20767 0.222304 0.269737 1.0
0.20767 0.222304 0.269737 1.0
0.20767 0.222304 0.269737 1.0
0.20767 0.222304 0.269737 1.0
0.20767 0.222304 0.269737 1.0
0.20767 0.222304 0.269737 1.0
0.20767 0.222304 0.269737 1.0
0.20767 0.222304 0.269737 1.0
0.20767 0.222304 0.269737 1.0
0.20767 0.222304 0.269737 1.0
0.20767 0.222304 0.269737 1.0
0.20767 0.222304 0.269737 1.0
0.20767 0.222304 0.269737 1.0
0.20767 0.222304 0.269737 1.0
0.20767 0.222304 0.269737 1.0
0.20767 0.222304 0.269737 1.0
0.20767 0.222304 0.269737 1.0
0.20767 0.222304 0.269737 1.0
0.20767 0.222304 0.269737 1.0
0.20767 0.222304 0.269737 1.0
0.20767 0.222304 0.269737 1.0
0.20767 0.222304 0.269737 1.0
0.20767 0.222304 0.269737 1.0
0.20767 0.222304 0.269737 1.0
0.20767 0.222304 0.269737 1.0
0.20767 0.222304 0.269737 1.0
0.20767 0.222304 0.269737 1.0
0.20767 0.222304 0.269737 1.0
0.20767 0.222304 0.269737 1.0
0.20767 0.222304 0.269737 1.0
0.20767 0.222304 0.269737 1.0
0.20767 0.222304 0.269737 1.0
0.20767 0.222304 0.269737 1.0
0.20767 0.222304 0.269737 1.0
0.20767 0.222304 0.269737 1.0
0.20767 0.222304 0.269737 1.0
0.20767 0.222304 0.269737 1.0
0.20767 0.222304 0.269737 1.0
0.20767 0.222304 0.269737 1.0
0.20767 0.222304 0.269737 1.0
0.20767 0.222304 0.269737 1.0
0.20767 0.222304 0.269737 1.0
0.20767 0.222304 0.269737 1.0
0.20767 0.222304 0.269737 1.0
0.20767 0.222304 0.269737 1.0
0.20767 0.222304 0.269737 1.0
0.20767 0.222304 0.269737 1.0
0.20767 0.222304 0.269737 1.0
0.20767 0.222304 0.269737 1.0
0.20767 0.222304 0.269737 1.0
0.20767 0.222304 0.269737 1.0
0.20767 0.222304 0.269737 1.0
0.20767 0.222304 0.269737 1.0
0.20767 0.222304 0.269737 1.0
0.20767 0.222304 0.269737 1.0
0.20767 0.222304 0.269737 1.0
0.20767 0.222304 0.269737 1.0
0.20767 0.222304 0.269737 1.0
0.20767 0.222304 0.269737 1.0
0.20767 0.222304 0.269737 1.0
0.20767 0.222304 0.269737 1.0
0.20767 0.222304 0.269737 1.0
0.20767 0.222304 0.269737 1.0
0.20767 0.222304 0.269737 1.0
0.20767 0.222304 0.269737 1.0
0.20767 0.222304 0.269737 1.0
0.20767 0.222304 0.269737 1.0
0.20767 0.222304 0.269737 1.0
0.20767 0.222304 0.269737 1.0
0.20767 0.222304 0.269737 1.0
0.20767 0.222304 0.269737 1.0
0.20767 0.222304 0.269737 1.0
0.20767 0.222304 0.269737 1.0
0.20767 0.222304 0.269737 1.0
0.20767 0.222304 0.269737 1.0
0.20767 0.222304 0.269737 1.0
0.20767 0.222304 0.269737 1.0
0.20767 0.222304 0.269737 1.0
0.20767 0.222304 0.269737 1.0
0.20767 0.222304 0.269737 1.0
0.20767 0.222304 0.269737 1.0
0.20767 0.222304 0.269737 1.0
0.20767 0.222304 0.269737 1.0
0.20767 0.222304 0.269737 1.0
0.20767 0.222304 0.269737 1.0
0.20767 0.222304 0.269737 1.0
0.20767 0.222304 0.269737 1.0
0.20767 0.222304 0.269737 1.0
0.20767 0.222304 0.269737 1.0
0.20767 0.222304 0.269737 1.0
0.20767 0.222304 0.269737 1.0
0.20767 0.222304 0.269737 1.0
0.20767 0.222304 0.269737 1.0
0.20767 0.222304 0.269737 1.0
0.20767 0.222304 0.269737 1.0
0.20767 0.222304 0.269737 1.0
0.425347 0.442383 0.495847 1.0
0.425347 0.442383 0.495847 1.0
0.425347 0.442383 0.495847 1.0
0.425347 0.442383 0.495847 1.0
0.425347 0.442383 0.495847 1.0
0.425347 0.442383 0.495847 1.0
0.425347 0.442383 0.495847 1.0
0.425347 0.442383 0.495847 1.0
0.425347 0.442383 0.495847 1.0
0.425347 0.442383 0.495847 1.0
0.425347 0.442383 0.495847 1.0
0.425347 0.442383 0.495847 1.0
0.425347 0.442383 0.495847 1.0
0.425347 0.442383 0.495847 1.0
0.425347 0.442383 0.495847 1.0
0.425347 0.442383 0.495847 1.0
0.425347 0.442383 0.495847 1.0
0.425347 0.442383 0.495847 1.0
0.425347 0.442383 0.495847 1.0
0.425347 0.442383 0.495847 1.0
0.425347 0.442383 0.495847 1.0
0.425347 0.442383 0.495847 1.0
0.425347 0.442383 0.495847 1.0
0.425347 0.442383 0.495847 1.0
0.425347 0.442383 0.495847 1.0
0.425347 0.442383 0.495847 1.0
0.425347 0.442383 0.495847 1.0
0.425347 0.442383 0.495847 1.0
0.425347 0.442383 0.495847 1.0
0.425347 0.442383 0.495847 1.0
0.425347 0.442383 0.495847 1.0
0.425347 0.442383 0.495847 1.0
0.425347 0.442383 0.495847 1.0
0.425347 0.442383 0.495847 1.0
0.425347 0.442383 0.495847 1.0
0.425347 0.442383 0.495847 1.0
0.425347 0.442383 0.495847 1.0
0.425347 0.442383 0.495847 1.0
0.425347 0.442383 0.495847 1.0
0.425347 0.442383 0.495847 1.0
0.425347 0.442383 0.495847 1.0
0.425347 0.442383 0.495847 1.0
0.425347 0.442383 0.495847 1.0
0.425347 0.442383 0.495847 1.0
0.425347 0.442383 0.495847 1.0
0.425347 0.442383 0.495847 1.0
0.425347 0.442383 0.495847 1.0
0.425347 0.442383 0.495847 1.0
0.425347 0.442383 0.495847 1.0
0.425347 0.442383 0.495847 1.0
0.425347 0.442383 0.495847 1.0
0.425347 0.442383 0.495847 1.0
0.425347 0.442383 0.495847 1.0
0.425347 0.442383 0.495847 1.0
0.425347 0.442383 0.495847 1.0
0.425347 0.442383 0.495847 1.0
0.425347 0.442383 0.495847 1.0
0.425347 0.442383 0.495847 1.0
0.425347 0.442383 0.495847 1.0
0.425347 0.442383 0.495847 1.0
0.425347 0.442383 0.495847 1.0
0.425347 0.442383 0.495847 1.0
0.425347 0.442383 0.495847 1.0
0.425347 0.442383 0.495847 1.0
0.425347 0.442383 0.495847 1.0
0.425347 0.442383 0.495847 1.0
0.425347 0.442383 0.495847 1.0
0.425347 0.442383 0.495847 1.0
0.425347 0.442383 0.495847 1.0
0.425347 0.442383 0.495847 1.0
0.425347 0.442383 0.495847 1.0
0.425347 0.442383 0.495847 1.0
0.425347 0.442383 0.495847 1.0
0.425347 0.442383 0.495847 1.0
0.425347 0.442383 0.495847 1.0
0.425347 0.442383 0.495847 1.0
0.425347 0.442383 0.495847 1.0
0.425347 0.442383 0.495847 1.0
0.425347 0.442383 0.495847 1.0
0.425347 0.442383 0.495847 1.0
0.425347 0.442383 0.495847 1.0
0.425347 0.442383 0.495847 1.0
0.425347 0.442383 0.495847 1.0
0.425347 0.442383 0.495847 1.0
0.425347 0.442383 0.495847 1.0
0.425347 0.442383 0.495847 1.0
0.425347 0.442383 0.495847 1.0
0.425347 0.442383 0.495847 1.0
0.425347 0.442383 0.495847 1.0
0.425347 0.442383 0.495847 1.0
0.425347 0.442383 0.495847 1.0
0.425347 0.442383 0.495847 1.0
0.425347 0.442383 0.495847 1.0
0.425347 0.442383 0.495847 1.0
0.425347 0.442383 0.495847 1.0
0.425347 0.442383 0.495847 1.0
0.425347 0.442383 0.495847 1.0
0.425347 0.442383 0.495847 1.0
0.425347 0.442383 0.495847 1.0
0.425347 0.442383 0.495847 1.0
0.425347 0.442383 0.495847 1.0
0.425347 0.442383 0.495847 1.0
0.425347 0.442383 0.495847 1.0
0.425347 0.442383 0.495847 1.0
0.425347 0.442383 0.495847 1.0
0.425347 0.442383 0.495847 1.0
0.425347 0.442383 0.495847 1.0
0.425347 0.442383 0.495847 1.0
0.425347 0.442383 0.495847 1.0
0.425347 0.442383 0.495847 1.0
0.425347 0.442383 0.495847 1.0
0.425347 0.442383 0.495847 1.0
0.425347 0.442383 0.495847 1.0
0.425347 0.442383 0.495847 1.0
0.425347 0.442383 0.495847 1.0
0.425347 0.442383 0.495847 1.0
0.425347 0.442383 0.495847 1.0
0.425347 0.442383 0.495847 1.0
0.425347 0.442383 0.495847 1.0
0.425347 0.442383 0.495847 1.0
0.425347 0.442383 0.495847 1.0
0.425347 0.442383 0.495847 1.0
0.425347 0.442383 0.495847 1.0
0.425347 0.442383 0.495847 1.0
0.425347 0.442383 0.495847 1.0
0.425347 0.442383 0.495847 1.0
0.425347 0.442383 0.495847 1.0
0.425347 0.442383 0.495847 1.0
0.425347 0.442383 0.495847 1.0
0.425347 0.442383 0.495847 1.0
0.425347 0.442383 0.495847 1.0
0.425347 0.442383 0.495847 1.0
0.425347 0.442383 0.495847 1.0
0.425347 0.442383 0.495847 1.0
0.425347 0.442383 0.495847 1.0
0.425347 0.442383 0.495847 1.0
0.425347 0.442383 0.495847 1.0
0.425347 0.442383 0.495847 1.0
0.425347 0.442383 0.495847 1.0
0.425347 0.442383 0.495847 1.0
0.425347 0.442383 0.495847 1.0
0.425347 0.442383 0.495847 1.0
0.425347 0.442383 0.495847 1.0
0.425347 0.442383 0.495847 1.0
0.425347 0.442383 0.495847 1.0
0.425347 0.442383 0.495847 1.0
0.425347 0.442383 0.495847 1.0
0.425347 0.442383 0.495847 1.0
0.425347 0.442383 0.495847 1.0
0.425347 0.442383 0.495847 1.0
0.425347 0.442383 0.495847 1.0
0.425347 0.442383 0.495847 1.0
0.425347 0.442383 0.495847 1.0
0.425347 0.442383 0.495847 1.0
0.425347 0.442383 0.495847 1.0
0.425347 0.442383 0.495847 1.0
0.425347 0.442383 0.495847 1.0
0.425347 0.442383 0.495847 1.0
0.425347 0.442383 0.495847 1.0
0.425347 0.442383 0.495847 1.0
0.20767 0.222304 0.269737 1.0
0.20767 0.222304 0.269737 1.0
0.20767 0.222304 0.269737 1.0
0.20767 0.222304 0.269737 1.0
0.20767 0.222304 0.269737 1.0
0.20767 0.222304 0.269737 1.0
0.20767 0.222304 0.269737 1.0
0.20767 0.222304 0.269737 1.0
0.20767 0.222304 0.269737 1.0
0.20767 0.222304 0.269737 1.0
0.20767 0.222304 0.269737 1.0
0.20767 0.222304 0.269737 1.0
0.20767 0.222304 0.269737 1.0
0.20767 0.222304 0.269737 1.0
0.20767 0.222304 0.269737 1.0
0.20767 0.222304 0.269737 1.0
0.20767 0.222304 0.269737 1.0
0.20767 0.222304 0.269737 1.0
0.20767 0.222304 0.269737 1.0
0.20767 0.222304 0.269737 1.0
0.20767 0.222304 0.269737 1.0
0.20767 0.222304 0.269737 1.0
0.20767 0.222304 0.269737 1.0
0.20767 0.222304 0.269737 1.0
0.20767 0.222304 0.269737 1.0
0.20767 0.222304 0.269737 1.0
0.20767 0.222304 0.269737 1.0
0.20767 0.222304 0.269737 1.0
0.20767 0.222304 0.269737 1.0
0.20767 0.222304 0.269737 1.0
0.20767 0.222304 0.269737 1.0
0.20767 0.222304 0.269737 1.0
0.20767 0.222304 0.269737 1.0
0.20767 0.222304 0.269737 1.0
0.20767 0.222304 0.269737 1.0
0.20767 0.222304 0.269737 1.0
0.20767 0.222304 0.269737 1.0
0.20767 0.222304 0.269737 1.0
0.20767 0.222304 0.269737 1.0
0.20767 0.222304 0.269737 1.0
0.20767 0.222304 0.269737 1.0
0.20767 0.222304 0.269737 1.0
0.20767 0.222304 0.269737 1.0
0.20767 0.222304 0.269737 1.0
0.20767 0.222304 0.269737 1.0
0.20767 0.222304 0.269737 1.0
0.20767 0.222304 0.269737 1.0
0.20767 0.222304 0.269737 1.0
0.20767 0.222304 0.269737 1.0
0.20767 0.222304 0.269737 1.0
0.20767 0.222304 0.269737 1.0
0.20767 0.222304 0.269737 1.0
0.20767 0.222304 0.269737 1.0
0.20767 0.222304 0.269737 1.0
0.20767 0.222304 0.269737 1.0
0.20767 0.222304 0.269737 1.0
0.20767 0.222304 0.269737 1.0
0.20767 0.222304 0.269737 1.0
0.20767 0.222304 0.269737 1.0
0.20767 0.222304 0.269737 1.0
0.20767 0.222304 0.269737 1.0
0.20767 0.222304 0.269737 1.0
0.20767 0.222304 0.269737 1.0
0.20767 0.222304 0.269737 1.0
0.20767 0.222304 0.269737 1.0
0.20767 0.222304 0.269737 1.0
0.20767 0.222304 0.269737 1.0
0.20767 0.222304 0.269737 1.0
0.20767 0.222304 0.269737 1.0
0.20767 0.222304 0.269737 1.0
0.20767 0.222304 0.269737 1.0
0.20767 0.222304 0.269737 1.0
0.20767 0.222304 0.269737 1.0
0.20767 0.222304 0.269737 1.0
0.20767 0.222304 0.269737 1.0
0.20767 0.222304 0.269737 1.0
0.20767 0.222304 0.269737 1.0
0.20767 0.222304 0.269737 1.0
0.20767 0.222304 0.269737 1.0
0.20767 0.222304 0.269737 1.0
0.20767 0.222304 0.269737 1.0
0.20767 0.222304 0.269737 1.0
0.20767 0.222304 0.269737 1.0
0.20767 0.222304 0.269737 1.0
0.20767 0.222304 0.269737 1.0
0.20767 0.222304 0.269737 1.0
0.20767 0.222304 0.269737 1.0
0.20767 0.222304 0.269737 1.0
0.20767 0.222304 0.269737 1.0
0.20767 0.222304 0.269737 1.0
0.20767 0.222304 0.269737 1.0
0.20767 0.222304 0.269737 1.0
0.20767 0.222304 0.269737 1.0
0.20767 0.222304 0.269737 1.0
0.20767 0.222304 0.269737 1.0
0.20767 0.222304 0.269737 1.0
0.503965 0.037328 0.037328 1.0
0.503965 0.037328 0.037328 1.0
0.503965 0.037328 0.037328 1.0
0.503965 0.037328 0.037328 1.0
0.503965 0.037328 0.037328 1.0
0.503965 0.037328 0.037328 1.0
0.503965 0.037328 0.037328 1.0
0.503965 0.037328 0.037328 1.0
0.503965 0.037328 0.037328 1.0
0.503965 0.037328 0.037328 1.0
0.503965 0.037328 0.037328 1.0
0.503965 0.037328 0.037328 1.0
0.503965 0.037328 0.037328 1.0
0.503965 0.037328 0.037328 1.0
0.503965 0.037328 0.037328 1.0
0.503965 0.037328 0.037328 1.0
0.503965 0.037328 0.037328 1.0
0.503965 0.037328 0.037328 1.0
0.503965 0.037328 0.037328 1.0
0.503965 0.037328 0.037328 1.0
0.503965 0.037328 0.037328 1.0
0.503965 0.037328 0.037328 1.0
0.503965 0.037328 0.037328 1.0
0.503965 0.037328 0.037328 1.0
0.503965 0.037328 0.037328 1.0
0.503965 0.037328 0.037328 1.0
0.503965 0.037328 0.037328 1.0
0.503965 0.037328 0.037328 1.0
0.503965 0.037328 0.037328 1.0
0.503965 0.037328 0.037328 1.0
0.503965 0.037328 0.037328 1.0
0.503965 0.037328 0.037328 1.0
0.503965 0.037328 0.037328 1.0
0.503965 0.037328 0.037328 1.0
0.503965 0.037328 0.037328 1.0
0.503965 0.037328 0.037328 1.0
0.503965 0.037328 0.037328 1.0
0.503965 0.037328 0.037328 1.0
0.503965 0.037328 0.037328 1.0
0.503965 0.037328 0.037328 1.0
0.503965 0.037328 0.037328 1.0
0.503965 0.037328 0.037328 1.0
0.503965 0.037328 0.037328 1.0
0.503965 0.037328 0.037328 1.0
0.503965 0.037328 0.037328 1.0
0.503965 0.037328 0.037328 1.0
0.503965 0.037328 0.037328 1.0
0.503965 0.037328 0.037328 1.0
0.503965 0.037328 0.037328 1.0
0.503965 0.037328 0.037328 1.0
0.503965 0.037328 0.037328 1.0
0.503965 0.037328 0.037328 1.0
0.503965 0.037328 0.037328 1.0
0.503965 0.037328 0.037328 1.0
0.503965 0.037328 0.037328 1.0
0.503965 0.037328 0.037328 1.0
0.503965 0.037328 0.037328 1.0
0.503965 0.037328 0.037328 1.0
0.503965 0.037328 0.037328 1.0
0.503965 0.037328 0.037328 1.0
0.503965 0.037328 0.037328 1.0
0.503965 0.037328 0.037328 1.0
0.503965 0.037328 0.037328 1.0
0.503965 0.037328 0.037328 1.0
0.503965 0.037328 0.037328 1.0
0.503965 0.037328 0.037328 1.0
0.503965 0.037328 0.037328 1.0
0.503965 0.037328 0.037328 1.0
0.503965 0.037328 0.037328 1.0
0.503965 0.037328 0.037328 1.0
0.503965 0.037328 0.037328 1.0
0.503965 0.037328 0.037328 1.0
0.503965 0.037328 0.037328 1.0
0.503965 0.037328 0.037328 1.0
0.503965 0.037328 0.037328 1.0
0.503965 0.037328 0.037328 1.0
0.503965 0.037328 0.037328 1.0
0.503965 0.037328 0.037328 1.0
0.503965 0.037328 0.037328 1.0
0.503965 0.037328 0.037328 1.0
0.503965 0.037328 0.037328 1.0
0.503965 0.037328 0.037328 1.0
0.503965 0.037328 0.037328 1.0
0.503965 0.037328 0.037328 1.0
0.503965 0.037328 0.037328 1.0
0.503965 0.037328 0.037328 1.0
0.503965 0.037328 0.037328 1.0
0.503965 0.037328 0.037328 1.0
0.503965 0.037328 0.037328 1.0
0.503965 0.037328 0.037328 1.0
0.503965 0.037328 0.037328 1.0
0.503965 0.037328 0.037328 1.0
0.503965 0.037328 0.037328 1.0
0.503965 0.037328 0.037328 1.0
0.503965 0.037328 0.037328 1.0
0.503965 0.037328 0.037328 1.0
0.411568 0.311986 0.096021 1.0
0.411568 0.311986 0.096021 1.0
0.411568 0.311986 0.096021 1.0
0.411568 0.311986 0.096021 1.0
0.411568 0.311986 0.096021 1.0
0.411568 0.311986 0.096021 1.0
0.411568 0.311986 0.096021 1.0
0.411568 0.311986 0.096021 1.0
0.411568 0.311986 0.096021 1.0
0.411568 0.311986 0.096021 1.0
0.411568 0.311986 0.096021 1.0
0.411568 0.311986 0.096021 1.0
0.411568 0.311986 0.096021 1.0
0.411568 0.311986 0.096021 1.0
0.411568 0.311986 0.096021 1.0
0.411568 0.311986 0.096021 1.0
0.411568 0.311986 0.096021 1.0
0.411568 0.311986 0.096021 1.0
0.411568 0.311986 0.096021 1.0
0.411568 0.311986 0.096021 1.0
0.411568 0.311986 0.096021 1.0
0.411568 0.311986 0.096021 1.0
0.411568 0.311986 0.096021 1.0
0.411568 0.311986 0.096021 1.0
0.503965 0.037328 0.037328 1.0
0.503965 0.037328 0.037328 1.0
0.503965 0.037328 0.037328 1.0
0.503965 0.037328 0.037328 1.0
0.503965 0.037328 0.037328 1.0
0.503965 0.037328 0.037328 1.0
0.503965 0.037328 0.037328 1.0
0.503965 0.037328 0.037328 1.0
0.503965 0.037328 0.037328 1.0
0.503965 0.037328 0.037328 1.0
0.503965 0.037328 0.037328 1.0
0.503965 0.037328 0.037328 1.0
0.503965 0.037328 0.037328 1.0
0.503965 0.037328 0.037328 1.0
0.503965 0.037328 0.037328 1.0
0.503965 0.037328 0.037328 1.0
0.503965 0.037328 0.037328 1.0
0.503965 0.037328 0.037328 1.0
0.503965 0.037328 0.037328 1.0
0.503965 0.037328 0.037328 1.0
0.503965 0.037328 0.037328 1.0
0.503965 0.037328 0.037328 1.0
0.503965 0.037328 0.037328 1.0
0.503965 0.037328 0.037328 1.0
0.503965 0.037328 0.037328 1.0
0.503965 0.037328 0.037328 1.0
0.503965 0.037328 0.037328 1.0
0.503965 0.037328 0.037328 1.0
0.503965 0.037328 0.037328 1.0
0.503965 0.037328 0.037328 1.0
0.503965 0.037328 0.037328 1.0
0.503965 0.037328 0.037328 1.0
0.503965 0.037328 0.037328 1.0
0.503965 0.037328 0.037328 1.0
0.503965 0.037328 0.037328 1.0
0.503965 0.037328 0.037328 1.0
0.503965 0.037328 0.037328 1.0
0.503965 0.037328 0.037328 1.0
0.503965 0.037328 0.037328 1.0
0.503965 0.037328 0.037328 1.0
0.503965 0.037328 0.037328 1.0
0.503965 0.037328 0.037328 1.0
0.503965 0.037328 0.037328 1.0
0.503965 0.037328 0.037328 1.0
0.503965 0.037328 0.037328 1.0
0.503965 0.037328 0.037328 1.0
0.503965 0.037328 0.037328 1.0
0.503965 0.037328 0.037328 1.0
0.411568 0.311986 0.096021 1.0
0.411568 0.311986 0.096021 1.0
0.411568 0.311986 0.096021 1.0
0.411568 0.311986 0.096021 1.0
0.411568 0.311986 0.096021 1.0
0.411568 0.311986 0.096021 1.0
0.411568 0.311986 0.096021 1.0
0.411568 0.311986 0.096021 1.0
0.411568 0.311986 0.096021 1.0
0.411568 0.311986 0.096021 1.0
0.411568 0.311986 0.096021 1.0
0.411568 0.311986 0.096021 1.0
0.411568 0.311986 0.096021 1.0
0.411568 0.311986 0.096021 1.0
0.411568 0.311986 0.096021 1.0
0.411568 0.311986 0.096021 1.0
0.411568 0.311986 0.096021 1.0
0.411568 0.311986 0.096021 1.0
0.411568 0.311986 0.096021 1.0
0.411568 0.311986 0.096021 1.0
0.411568 0.311986 0.096021 1.0
0.411568 0.311986 0.096021 1.0
0.411568 0.311986 0.096021 1.0
0.411568 0.311986 0.096021 1.0
0.411568 0.311986 0.096021 1.0
0.411568 0.311986 0.096021 1.0
0.411568 0.311986 0.096021 1.0
0.411568 0.311986 0.096021 1.0
0.411568 0.311986 0.096021 1.0
0.411568 0.311986 0.096021 1.0
0.411568 0.311986 0.096021 1.0
0.411568 0.311986 0.096021 1.0
0.411568 0.311986 0.096021 1.0
0.411568 0.311986 0.096021 1.0
0.411568 0.311986 0.096021 1.0
0.411568 0.311986 0.096021 1.0
0.411568 0.311986 0.096021 1.0
0.411568 0.311986 0.096021 1.0
0.411568 0.311986 0.096021 1.0
0.411568 0.311986 0.096021 1.0
0.411568 0.311986 0.096021 1.0
0.411568 0.311986 0.096021 1.0
0.411568 0.311986 0.096021 1.0
0.411568 0.311986 0.096021 1.0
0.411568 0.311986 0.096021 1.0
0.411568 0.311986 0.096021 1.0
0.411568 0.311986 0.096021 1.0
0.411568 0.311986 0.096021 1.0
0.503965 0.037328 0.037328 1.0
0.503965 0.037328 0.037328 1.0
0.503965 0.037328 0.037328 1.0
0.503965 0.037328 0.037328 1.0
0.503965 0.037328 0.037328 1.0
0.503965 0.037328 0.037328 1.0
0.503965 0.037328 0.037328 1.0
0.503965 0.037328 0.037328 1.0
0.503965 0.037328 0.037328 1.0
0.503965 0.037328 0.037328 1.0
0.503965 0.037328 0.037328 1.0
0.503965 0.037328 0.037328 1.0
0.503965 0.037328 0.037328 1.0
0.503965 0.037328 0.037328 1.0
0.503965 0.037328 0.037328 1.0
0.503965 0.037328 0.037328 1.0
0.503965 0.037328 0.037328 1.0
0.503965 0.037328 0.037328 1.0
0.503965 0.037328 0.037328 1.0
0.503965 0.037328 0.037328 1.0
0.503965 0.037328 0.037328 1.0
0.503965 0.037328 0.037328 1.0
0.503965 0.037328 0.037328 1.0
0.503965 0.037328 0.037328 1.0
0.503965 0.037328 0.037328 1.0
0.503965 0.037328 0.037328 1.0
0.503965 0.037328 0.037328 1.0
0.503965 0.037328 0.037328 1.0
0.503965 0.037328 0.037328 1.0
0.503965 0.037328 0.037328 1.0
0.503965 0.037328 0.037328 1.0
0.503965 0.037328 0.037328 1.0
0.503965 0.037328 0.037328 1.0
0.503965 0.037328 0.037328 1.0
0.503965 0.037328 0.037328 1.0
0.503965 0.037328 0.037328 1.0
0.503965 0.037328 0.037328 1.0
0.503965 0.037328 0.037328 1.0
0.503965 0.037328 0.037328 1.0
0.503965 0.037328 0.037328 1.0
0.503965 0.037328 0.037328 1.0
0.503965 0.037328 0.037328 1.0
0.503965 0.037328 0.037328 1.0
0.503965 0.037328 0.037328 1.0
0.503965 0.037328 0.037328 1.0
0.503965 0.037328 0.037328 1.0
0.503965 0.037328 0.037328 1.0
0.503965 0.037328 0.037328 1.0
0.503965 0.037328 0.037328 1.0
0.503965 0.037328 0.037328 1.0
0.503965 0.037328 0.037328 1.0
0.503965 0.037328 0.037328 1.0
0.503965 0.037328 0.037328 1.0
0.503965 0.037328 0.037328 1.0
0.503965 0.037328 0.037328 1.0
0.503965 0.037328 0.037328 1.0
0.503965 0.037328 0.037328 1.0
0.503965 0.037328 0.037328 1.0
0.503965 0.037328 0.037328 1.0
0.503965 0.037328 0.037328 1.0
0.503965 0.037328 0.037328 1.0
0.503965 0.037328 0.037328 1.0
0.503965 0.037328 0.037328 1.0
0.503965 0.037328 0.037328 1.0
0.503965 0.037328 0.037328 1.0
0.503965 0.037328 0.037328 1.0
0.503965 0.037328 0.037328 1.0
0.503965 0.037328 0.037328 1.0
0.503965 0.037328 0.037328 1.0
0.503965 0.037328 0.037328 1.0
0.503965 0.037328 0.037328 1.0
0.503965 0.037328 0.037328 1.0
0.503965 0.037328 0.037328 1.0
0.503965 0.037328 0.037328 1.0
0.503965 0.037328 0.037328 1.0
0.503965 0.037328 0.037328 1.0
0.503965 0.037328 0.037328 1.0
0.503965 0.037328 0.037328 1.0
0.503965 0.037328 0.037328 1.0
0.503965 0.037328 0.037328 1.0
0.58052 0.578345 0.061738 1.0
0.58052 0.578345 0.061738 1.0
0.58052 0.578345 0.061738 1.0
0.58052 0.578345 0.061738 1.0
0.58052 0.578345 0.061738 1.0
0.58052 0.578345 0.061738 1.0
0.58052 0.578345 0.061738 1.0
0.58052 0.578345 0.061738 1.0
0.58052 0.578345 0.061738 1.0
0.58052 0.578345 0.061738 1.0
0.58052 0.578345 0.061738 1.0
0.58052 0.578345 0.061738 1.0
0.58052 0.578345 0.061738 1.0
0.58052 0.578345 0.061738 1.0
0.58052 0.578345 0.061738 1.0
0.58052 0.578345 0.061738 1.0
0.58052 0.578345 0.061738 1.0
0.58052 0.578345 0.061738 1.0
0.58052 0.578345 0.061738 1.0
0.58052 0.578345 0.061738 1.0
0.58052 0.578345 0.061738 1.0
0.58052 0.578345 0.061738 1.0
0.58052 0.578345 0.061738 1.0
0.58052 0.578345 0.061738 1.0
0.58052 0.578345 0.061738 1.0
0.58052 0.578345 0.061738 1.0
0.58052 0.578345 0.061738 1.0
0.58052 0.578345 0.061738 1.0
0.58052 0.578345 0.061738 1.0
0.58052 0.578345 0.061738 1.0
0.58052 0.578345 0.061738 1.0
0.58052 0.578345 0.061738 1.0
0.58052 0.578345 0.061738 1.0
0.58052 0.578345 0.061738 1.0
0.58052 0.578345 0.061738 1.0
0.58052 0.578345 0.061738 1.0
0.58052 0.578345 0.061738 1.0
0.58052 0.578345 0.061738 1.0
0.58052 0.578345 0.061738 1.0
0.58052 0.578345 0.061738 1.0
0.58052 0.578345 0.061738 1.0
0.58052 0.578345 0.061738 1.0
0.58052 0.578345 0.061738 1.0
0.58052 0.578345 0.061738 1.0
0.58052 0.578345 0.061738 1.0
0.58052 0.578345 0.061738 1.0
0.58052 0.578345 0.061738 1.0
0.58052 0.578345 0.061738 1.0
0.58052 0.578345 0.061738 1.0
0.58052 0.578345 0.061738 1.0
0.58052 0.578345 0.061738 1.0
0.58052 0.578345 0.061738 1.0
0.58052 0.578345 0.061738 1.0
0.58052 0.578345 0.061738 1.0
0.58052 0.578345 0.061738 1.0
0.58052 0.578345 0.061738 1.0
0.58052 0.578345 0.061738 1.0
0.58052 0.578345 0.061738 1.0
0.58052 0.578345 0.061738 1.0
0.58052 0.578345 0.061738 1.0
0.58052 0.578345 0.061738 1.0
0.58052 0.578345 0.061738 1.0
0.58052 0.578345 0.061738 1.0
0.58052 0.578345 0.061738 1.0
0.58052 0.578345 0.061738 1.0
0.58052 0.578345 0.061738 1.0
0.58052 0.578345 0.061738 1.0
0.58052 0.578345 0.061738 1.0
0.58052 0.578345 0.061738 1.0
0.58052 0.578345 0.061738 1.0
0.58052 0.578345 0.061738 1.0
0.58052 0.578345 0.061738 1.0

3 2 1
3 1 0
7 6 5
7 5 4
11 10 9
11 9 8
15 14 13
15 13 12
19 18 17
19 17 16
23 22 21
23 21 20
27 26 25
27 25 24
31 30 29
31 29 28
35 34 33
35 33 32
39 38 37
39 37 36
43 42 41
43 41 40
47 46 45
47 45 44
51 50 49
51 49 48
55 54 53
55 53 52
59 58 57
59 57 56
63 62 61
63 61 60
67 66 65
67 65 64
71 70 69
71 69 68
75 74 73
75 73 72
79 78 77
79 77 76
83 82 81
83 81 80
87 86 85
87 85 84
91 90 89
91 89 88
95 94 93
95 93 92
99 98 97
99 97 96
103 102 101
103 101 100
107 106 105
107 105 104
111 110 109
111 109 108
115 114 113
115 113 112
119 118 117
119 117 116
125 124 123
125 123 122
125 122 121
125 121 120
129 128 127
129 127 126
133 132 131
133 131 130
137 136 135
137 135 134
142 141 140
142 140 139
142 139 138
146 145 144
146 144 143
150 149 148
150 148 147
153 152 151
157 156 155
157 155 154
161 160 159
161 159 158
164 163 162
168 167 166
168 166 165
173 172 171
173 171 170
173 170 169
179 178 177
179 177 176
179 176 175
179 175 174
183 182 181
183 181 180
187 186 185
187 185 184
191 190 189
191 189 188
196 195 194
196 194 193
196 193 192
200 199 198
200 198 197
204 203 202
204 202 201
207 206 205
211 210 209
211 209 208
215 214 213
215 213 212
218 217 216
222 221 220
222 220 219
227 226 225
227 225 224
227 224 223
231 230 229
231 229 228
235 234 233
235 233 232
239 238 237
239 237 236
243 242 241
243 241 240
247 246 245
247 245 244
251 250 249
251 249 248
255 254 253
255 253 252
259 258 257
259 257 256
263 262 261
263 261 260
267 266 265
267 265 264
271 270 269
271 269 268
275 274 273
275 273 272
279 278 277
279 277 276
283 282 281
283 281 280
287 286 285
287 285 284
291 290 289
291 289 288
295 294 293
295 293 292
299 298 297
299 297 296
303 302 301
303 301 300
307 306 305
307 305 304
311 310 309
311 309 308
315 314 313
315 313 312
319 318 317
319 317 316
323 322 321
323 321 320
327 326 325
327 325 324
331 330 329
331 329 328
335 334 333
335 333 332
339 338 337
339 337 336
343 342 341
343 341 340
347 346 345
347 345 344
351 350 349
351 349 348
355 354 353
355 353 352
359 358 357
359 357 356
363 362 361
363 361 360
367 366 365
367 365 364
371 370 369
371 369 368
375 374 373
375 373 372
379 378 377
379 377 376
383 382 381
383 381 380
387 386 385
387 385 384
391 390 389
391 389 388
395 394 393
395 393 392
399 398 397
399 397 396
403 402 401
403 401 400
407 406 405
407 405 404
411 410 409
411 409 408
415 414 413
415 413 412
419 418 417
419 417 416
423 422 421
423 421 420
427 426 425
427 425 424
431 430 429
431 429 428
435 434 433
435 433 432
439 438 437
439 437 436
443 442 441
443 441 440
449 448 447
449 447 446
449 446 445
449 445 444
453 452 451
453 451 450
457 456 455
457 455 454
463 462 461
463 461 460
463 460 459
463 459 458
467 466 465
467 465 464
470 469 468
473 472 471
477 476 475
477 475 474
481 480 479
481 479 478
485 484 483
485 483 482
489 488 487
489 487 486
493 492 491
493 491 490
497 496 495
497 495 494
503 502 501
503 501 500
503 500 499
503 499 498
507 506 505
507 505 504
511 510 509
511 509 508
517 516 515
517 515 514
517 514 513
517 513 512
521 520 519
521 519 518
524 523 522
527 526 525
531 530 529
531 529 528
535 534 533
535 533 532
539 538 537
539 537 536
543 542 541
543 541 540
547 546 545
547 545 544
551 550 549
551 549 548
555 554 553
555 553 552
559 558 557
559 557 556
563 562 561
563 561 560
567 566 565
567 565 564
571 570 569
571 569 568
575 574 573
575 573 572
579 578 577
579 577 576
583 582 581
583 581 580
587 586 585
587 585 584
591 590 589
591 589 588
595 594 593
595 593 592
599 598 597
599 597 596
603 602 601
603 601 600
607 606 605
607 605 604
611 610 609
611 609 608
615 614 613
615 613 612
619 618 617
619 617 616
623 622 621
623 621 620
627 626 625
627 625 624
631 630 629
631 629 628
635 634 633
635 633 632
639 638 637
639 637 636
643 642 641
643 641 640
647 646 645
647 645 644
651 650 649
651 649 648
655 654 653
655 653 652
659 658 657
659 657 656
663 662 661
663 661 660
667 666 665
667 665 664
671 670 669
671 669 668
675 674 673
675 673 672
679 678 677
679 677 676
683 682 681
683 681 680
687 686 685
687 685 684
691 690 689
691 689 688
695 694 693
695 693 692
699 698 697
699 697 696
703 702 701
703 701 700
707 706 705
707 705 704
711 710 709
711 709 708
715 714 713
715 713 712
719 718 717
719 717 716
723 722 721
723 721 720
727 726 725
727 725 724
731 730 729
731 729 728
735 734 733
735 733 732
739 738 737
739 737 736
743 742 741
743 741 740
747 746 745
747 745 744
751 750 749
751 749 748
755 754 753
755 753 752
759 758 757
759 757 756
763 762 761
763 761 760
767 766 765
767 765 764
771 770 769
771 769 768
775 774 773
775 773 772
779 778 777
779 777 776
783 782 781
783 781 780
787 786 785
787 785 784
791 790 789
791 789 788
795 794 793
795 793 792
799 798 797
799 797 796
803 802 801
803 801 800
807 806 805
807 805 804
811 810 809
811 809 808
815 814 813
815 813 812
819 818 817
819 817 816
823 822 821
823 821 820
827 826 825
827 825 824
831 830 829
831 829 828
835 834 833
835 833 832
839 838 837
839 837 836
843 842 841
843 841 840
847 846 845
847 845 844
851 850 849
851 849 848
855 854 853
855 853 852
859 858 857
859 857 856
863 862 861
863 861 860
867 866 865
867 865 864
871 870 869
871 869 868
875 874 873
875 873 872
879 878 877
879 877 876
883 882 881
883 881 880
887 886 885
887 885 884
891 890 889
891 889 888
895 894 893
895 893 892
899 898 897
899 897 896
903 902 901
903 901 900
907 906 905
907 905 904
911 910 909
911 909 908
915 914 913
915 913 912
919 918 917
919 917 916
923 922 921
923 921 920
927 926 925
927 925 924
931 930 929
931 929 928
935 934 933
935 933 932
939 938 937
939 937 936
943 942 941
943 941 940
947 946 945
947 945 944
951 950 949
951 949 948
955 954 953
955 953 952
959 958 957
959 957 956
963 962 961
963 961 960
967 966 965
967 965 964
971 970 969
971 969 968
975 974 973
975 973 972
979 978 977
979 977 976
983 982 981
983 981 980
987 986 985
987 985 984
991 990 989
991 989 988
995 994 993
995 993 992
999 998 997
999 997 996
1003 1002 1001
1003 1001 1000
1007 1006 1005
1007 1005 1004
1011 1010 1009
1011 1009 1008
1015 1014 1013
1015 1013 1012
1019 1018 1017
1019 1017 1016
1023 1022 1021
1023 1021 1020
1027 1026 1025
1027 1025 1024
1031 1030 1029
1031 1029 1028
1035 1034 1033
1035 1033 1032
1039 1038 1037
1039 1037 1036
1043 1042 1041
1043 1041 1040
1047 1046 1045
1047 1045 1044
1051 1050 1049
1051 1049 1048
1055 1054 1053
1055 1053 1052
1059 1058 1057
1059 1057 1056
1063 1062 1061
1063 1061 1060
1067 1066 1065
1067 1065 1064
1071 1070 1069
1071 1069 1068
1075 1074 1073
1075 1073 1072
1079 1078 1077
1079 1077 1076
1083 1082 1081
1083 1081 1080
1087 1086 1085
1087 1085 1084
1091 1090 1089
1091 1089 1088
1095 1094 1093
1095 1093 1092
1099 1098 1097
1099 1097 1096
1103 1102 1101
1103 1101 1100
1107 1106 1105
1107 1105 1104
1111 1110 1109
1111 1109 1108
1115 1114 1113
1115 1113 1112
1119 1118 1117
1119 1117 1116
1123 1122 1121
1123 1121 1120
1127 1126 1125
1127 1125 1124
1131 1130 1129
1131 1129 1128
1135 1134 1133
1135 1133 1132
1139 1138 1137
1139 1137 1136
1143 1142 1141
1143 1141 1140
1147 1146 1145
1147 1145 1144
1151 1150 1149
1151 1149 1148
1155 1154 1153
1155 1153 1152
1159 1158 1157
1159 1157 1156
1163 1162 1161
1163 1161 1160
1167 1166 1165
1167 1165 1164
1171 1170 1169
1171 1169 1168
1175 1174 1173
1175 1173 1172
1179 1178 1177
1179 1177 1176
1183 1182 1181
1183 1181 1180
1187 1186 1185
1187 1185 1184
1191 1190 1189
1191 1189 1188
1195 1194 1193
1195 1193 1192
1199 1198 1197
1199 1197 1196
