337 163 

0.062983 0.0 -0.316638
0.069361 0.0 -0.348704
-0.0 0.0 -0.355535
-0.0 0.0 -0.322841
0.268432 0.0 -0.179361
0.295617 0.0 -0.197525
0.251401 0.0 -0.251402
0.228283 0.0 -0.228283
0.316638 0.0 0.062983
0.348704 0.0 0.069361
0.355535 0.0 -0.0
0.322841 0.0 -0.0
0.179361 0.0 0.268432
0.197525 0.0 0.295617
0.251401 0.0 0.251401
0.228283 0.0 0.228283
-0.062983 0.0 0.316638
-0.069362 0.0 0.348704
-0.0 0.0 0.355535
0.0 0.0 0.322841
-0.268433 0.0 0.179361
-0.295617 0.0 0.197525
-0.251401 0.0 0.251402
-0.228283 0.0 0.228283
-0.316638 0.0 -0.062983
-0.348704 0.0 -0.069361
-0.355535 0.0 0.0
-0.322841 0.0 0.0
-0.179361 0.0 -0.268432
-0.197525 0.0 -0.295617
-0.251402 0.0 -0.251401
-0.228283 0.0 -0.228283
-0.062983 0.0 -0.316638
-0.069362 0.0 -0.348704
-0.136058 0.0 -0.328472
-0.123546 0.0 -0.298266
-0.228283 0.0 -0.228283
-0.251402 0.0 -0.251401
-0.295617 0.0 -0.197525
-0.268433 0.0 -0.179361
-0.123546 0.0 -0.298266
-0.136058 0.0 -0.328472
-0.197525 0.0 -0.295617
-0.179361 0.0 -0.268432
-0.268433 0.0 -0.179361
-0.295617 0.0 -0.197525
-0.328472 0.0 -0.136057
-0.298266 0.0 -0.123546
-0.322841 0.0 0.0
-0.355535 0.0 0.0
-0.348704 0.0 0.069362
-0.316638 0.0 0.062983
-0.298266 0.0 -0.123546
-0.328472 0.0 -0.136057
-0.348704 0.0 -0.069361
-0.316638 0.0 -0.062983
-0.316638 0.0 0.062983
-0.348704 0.0 0.069362
-0.328472 0.0 0.136058
-0.298266 0.0 0.123546
-0.228283 0.0 0.228283
-0.251401 0.0 0.251402
-0.197525 0.0 0.295617
-0.179361 0.0 0.268433
-0.298266 0.0 0.123546
-0.328472 0.0 0.136058
-0.295617 0.0 0.197525
-0.268433 0.0 0.179361
-0.179361 0.0 0.268433
-0.197525 0.0 0.295617
-0.136058 0.0 0.328472
-0.123546 0.0 0.298266
0.0 0.0 0.322841
-0.0 0.0 0.355535
0.069362 0.0 0.348704
0.062983 0.0 0.316638
-0.123546 0.0 0.298266
-0.136058 0.0 0.328472
-0.069362 0.0 0.348704
-0.062983 0.0 0.316638
0.062983 0.0 0.316638
0.069362 0.0 0.348704
0.136058 0.0 0.328472
0.123546 0.0 0.298266
0.228283 0.0 0.228283
0.251401 0.0 0.251401
0.295617 0.0 0.197525
0.268433 0.0 0.179361
0.123546 0.0 0.298266
0.136058 0.0 0.328472
0.197525 0.0 0.295617
0.179361 0.0 0.268432
0.268433 0.0 0.179361
0.295617 0.0 0.197525
0.328472 0.0 0.136057
0.298266 0.0 0.123546
0.322841 0.0 -0.0
0.355535 0.0 -0.0
0.348704 0.0 -0.069362
0.316638 0.0 -0.062983
0.298266 0.0 0.123546
0.328472 0.0 0.136057
0.348704 0.0 0.069361
0.316638 0.0 0.062983
0.316638 0.0 -0.062983
0.348704 0.0 -0.069362
0.328472 0.0 -0.136058
0.298266 0.0 -0.123546
0.228283 0.0 -0.228283
0.251401 0.0 -0.251402
0.197525 0.0 -0.295617
0.179361 0.0 -0.268433
0.298266 0.0 -0.123546
0.328472 0.0 -0.136058
0.295617 0.0 -0.197525
0.268432 0.0 -0.179361
0.179361 0.0 -0.268433
0.197525 0.0 -0.295617
0.136057 0.0 -0.328472
0.123546 0.0 -0.298266
-0.0 0.0 -0.322841
-0.0 0.0 -0.355535
-0.069362 0.0 -0.348704
-0.062983 0.0 -0.316638
0.123546 0.0 -0.298266
0.136057 0.0 -0.328472
0.069361 0.0 -0.348704
0.062983 0.0 -0.316638
-0.28525 0.0 0.221069
-0.312232 -0.0 0.181073
-0.357658 -0.0 0.240787
-0.312232 -0.0 0.181073
-0.28525 0.0 0.221069
-0.259061 0.0 0.212191
-0.294174 0.0 0.160141
-0.260146 -0.0 0.193204
-0.276848 -0.0 0.168188
-0.294174 0.0 0.160141
-0.259061 0.0 0.212191
-0.23485 0.0 0.158019
-0.260146 -0.0 0.193204
-0.259061 0.0 0.212191
-0.209573 0.0 0.140983
-0.276848 -0.0 0.168188
-0.23485 0.0 0.158019
-0.209573 0.0 0.140983
-0.294174 0.0 0.160141
-0.359106 0.0 0.029673
-0.35986 0.0 -0.018467
-0.431593 -0.0 0.006695
-0.35986 0.0 -0.018467
-0.359106 0.0 0.029673
-0.332994 -0.0 0.036628
-0.333692 0.0 -0.026208
-0.323037 0.0 0.020057
-0.323725 0.0 -0.009977
-0.333692 0.0 -0.026208
-0.332994 -0.0 0.036628
-0.283515 0.0 0.004416
-0.323037 0.0 0.020057
-0.332994 -0.0 0.036628
-0.253036 -0.0 0.003947
-0.323725 0.0 -0.009977
-0.283515 0.0 0.004416
-0.253036 -0.0 0.003947
-0.333692 0.0 -0.026208
-0.317307 -0.0 -0.171054
-0.291688 -0.0 -0.211876
-0.365097 0.0 -0.229592
-0.291688 -0.0 -0.211876
-0.317307 -0.0 -0.171054
-0.298788 -0.0 -0.150779
-0.265943 0.0 -0.204339
-0.282142 0.0 -0.159615
-0.265739 0.0 -0.1848
-0.265943 0.0 -0.204339
-0.298788 -0.0 -0.150779
-0.239773 -0.0 -0.150685
-0.282142 0.0 -0.159615
-0.298788 -0.0 -0.150779
-0.213978 0.0 -0.134444
-0.265739 0.0 -0.1848
-0.239773 -0.0 -0.150685
-0.213978 0.0 -0.134444
-0.265943 0.0 -0.204339
-0.172751 0.0 -0.316465
-0.128971 0.0 -0.336649
-0.180859 0.0 -0.39151
-0.128971 0.0 -0.336649
-0.172751 0.0 -0.316465
-0.168532 0.0 -0.289893
-0.111247 0.0 -0.315656
-0.149221 0.0 -0.287245
-0.122162 0.0 -0.300317
-0.111247 0.0 -0.315656
-0.168532 0.0 -0.289893
-0.118721 0.0 -0.257081
-0.149221 0.0 -0.287245
-0.168532 0.0 -0.289893
-0.105931 0.0 -0.229412
-0.122162 0.0 -0.300317
-0.118721 0.0 -0.257081
-0.105931 0.0 -0.229412
-0.111247 0.0 -0.315656
0.027784 0.0 -0.359235
0.075452 0.0 -0.3523
0.06185 0.0 -0.427163
0.075452 0.0 -0.3523
0.027784 0.0 -0.359235
0.016795 0.0 -0.334326
0.079002 0.0 -0.325506
0.031625 0.0 -0.322264
0.061308 0.0 -0.317762
0.079002 0.0 -0.325506
0.016795 0.0 -0.334326
0.040801 0.0 -0.28057
0.031625 0.0 -0.322264
0.016795 0.0 -0.334326
0.036469 0.0 -0.250398
0.061308 0.0 -0.317762
0.040801 0.0 -0.28057
0.036469 0.0 -0.250398
0.079002 0.0 -0.325506
0.219627 0.0 -0.286476
0.255868 0.0 -0.254627
0.28464 0.0 -0.323879
0.255868 0.0 -0.254627
0.219627 0.0 -0.286476
0.196512 0.0 -0.271198
0.243688 0.0 -0.229756
0.202321 0.0 -0.25304
0.224965 0.0 -0.233224
0.243688 0.0 -0.229756
0.196512 0.0 -0.271198
0.186851 0.0 -0.21266
0.202321 0.0 -0.25304
0.196512 0.0 -0.271198
0.166723 0.0 -0.189769
0.224965 0.0 -0.233224
0.186851 0.0 -0.21266
0.166723 0.0 -0.189769
0.243688 0.0 -0.229756
0.339666 -0.0 -0.120127
0.352644 -0.0 -0.073726
0.415686 -0.0 -0.116318
0.352644 -0.0 -0.073726
0.339666 -0.0 -0.120127
0.31263 0.0 -0.120175
0.329355 0.0 -0.059639
0.307255 0.0 -0.101637
0.315485 -0.0 -0.072786
0.329355 0.0 -0.059639
0.31263 0.0 -0.120175
0.273042 0.0 -0.076507
0.307255 0.0 -0.101637
0.31263 0.0 -0.120175
0.243682 0.0 -0.068313
0.315485 -0.0 -0.072786
0.273042 0.0 -0.076507
0.243682 0.0 -0.068313
0.329355 0.0 -0.059639
0.350463 -0.0 0.084613
0.33608 -0.0 0.130637
0.411518 -0.0 0.12895
0.33608 -0.0 0.130637
0.350463 -0.0 0.084613
0.327342 0.0 0.069754
0.309117 0.0 0.129857
0.31356 0.0 0.08257
0.304054 0.0 0.111078
0.309117 0.0 0.129857
0.327342 0.0 0.069754
0.270177 0.0 0.084735
0.31356 0.0 0.08257
0.327342 0.0 0.069754
0.241085 0.0 0.075634
0.304054 0.0 0.111078
0.270177 0.0 0.084735
0.241085 0.0 0.075634
0.309117 0.0 0.129857
0.247617 -0.0 0.26204
0.210415 -0.0 0.292668
0.27463 -0.0 0.332592
0.210415 -0.0 0.292668
0.247617 -0.0 0.26204
0.236857 0.0 0.237481
0.187934 -0.0 0.276924
0.217446 0.0 0.239784
0.194544 0.0 0.259256
0.187934 -0.0 0.276924
0.236857 0.0 0.237481
0.180293 0.0 0.218431
0.217446 0.0 0.239784
0.236857 0.0 0.237481
0.160876 0.0 0.194933
0.194544 0.0 0.259256
0.180293 0.0 0.218431
0.160876 0.0 0.194933
0.187934 -0.0 0.276924
0.064561 -0.0 0.354465
0.016712 -0.0 0.359976
0.048702 0.0 0.428797
0.016712 -0.0 0.359976
0.064561 -0.0 0.354465
0.068886 0.0 0.327515
0.0065 0.0 0.335024
0.051531 0.0 0.319718
0.021664 -0.0 0.322928
0.0065 0.0 0.335024
0.068886 0.0 0.327515
0.032151 0.0 0.281628
0.051531 0.0 0.319718
0.068886 0.0 0.327515
0.028745 -0.0 0.251337
0.021664 -0.0 0.322928
0.032151 0.0 0.281628
0.028745 -0.0 0.251337
0.0065 0.0 0.335024
-0.139408 0.0 0.332888
-0.18254 -0.0 0.31126
-0.192795 0.0 0.385654
-0.18254 -0.0 0.31126
-0.139408 0.0 0.332888
-0.121013 -0.0 0.312346
-0.177105 -0.0 0.284159
-0.131201 -0.0 0.296144
-0.158171 -0.0 0.28285
-0.177105 -0.0 0.284159
-0.121013 -0.0 0.312346
-0.126531 0.0 0.25321
-0.131201 -0.0 0.296144
-0.121013 -0.0 0.312346
-0.112892 0.0 0.225949
-0.158171 -0.0 0.28285
-0.126531 0.0 0.25321
-0.112892 0.0 0.225949
-0.177105 -0.0 0.284159

no_normals
0.0 0.0
0.0 0.0
0.0 0.0
0.0 0.0
0.0 0.0
0.0 0.0
0.0 0.0
0.0 0.0
0.0 0.0
0.0 0.0
0.0 0.0
0.0 0.0
0.0 0.0
0.0 0.0
0.0 0.0
0.0 0.0
0.0 0.0
0.0 0.0
0.0 0.0
0.0 0.0
0.0 0.0
0.0 0.0
0.0 0.0
0.0 0.0
0.0 0.0
0.0 0.0
0.0 0.0
0.0 0.0
0.0 0.0
0.0 0.0
0.0 0.0
0.0 0.0
0.0 0.0
0.0 0.0
0.0 0.0
0.0 0.0
0.0 0.0
0.0 0.0
0.0 0.0
0.0 0.0
0.0 0.0
0.0 0.0
0.0 0.0
0.0 0.0
0.0 0.0
0.0 0.0
0.0 0.0
0.0 0.0
0.0 0.0
0.0 0.0
0.0 0.0
0.0 0.0
0.0 0.0
0.0 0.0
0.0 0.0
0.0 0.0
0.0 0.0
0.0 0.0
0.0 0.0
0.0 0.0
0.0 0.0
0.0 0.0
0.0 0.0
0.0 0.0
0.0 0.0
0.0 0.0
0.0 0.0
0.0 0.0
0.0 0.0
0.0 0.0
0.0 0.0
0.0 0.0
0.0 0.0
0.0 0.0
0.0 0.0
0.0 0.0
0.0 0.0
0.0 0.0
0.0 0.0
0.0 0.0
0.0 0.0
0.0 0.0
0.0 0.0
0.0 0.0
0.0 0.0
0.0 0.0
0.0 0.0
0.0 0.0
0.0 0.0
0.0 0.0
0.0 0.0
0.0 0.0
0.0 0.0
0.0 0.0
0.0 0.0
0.0 0.0
0.0 0.0
0.0 0.0
0.0 0.0
0.0 0.0
0.0 0.0
0.0 0.0
0.0 0.0
0.0 0.0
0.0 0.0
0.0 0.0
0.0 0.0
0.0 0.0
0.0 0.0
0.0 0.0
0.0 0.0
0.0 0.0
0.0 0.0
0.0 0.0
0.0 0.0
0.0 0.0
0.0 0.0
0.0 0.0
0.0 0.0
0.0 0.0
0.0 0.0
0.0 0.0
0.0 0.0
0.0 0.0
0.0 0.0
0.0 0.0
0.0 0.0
0.0 0.0
0.0 0.0
1.0 0.0
0.0 1.0
1.0 0.0
0.0 0.0
0.0 0.0
1.0 0.0
0.320224 0.0
0.814326 0.0
1.0 0.0
0.0 0.0
0.814326 0.0
0.320224 0.0
0.0 0.0
1.0 0.0
0.814326 0.0
0.814326 0.0
1.0 0.0
1.0 0.0
0.0 0.0
1.0 0.0
0.0 1.0
1.0 0.0
0.0 0.0
0.0 0.0
1.0 0.0
0.320224 0.0
0.814326 0.0
1.0 0.0
0.0 0.0
0.814326 0.0
0.320224 0.0
0.0 0.0
1.0 0.0
0.814326 0.0
0.814326 0.0
1.0 0.0
1.0 0.0
0.0 0.0
1.0 0.0
0.0 1.0
1.0 0.0
0.0 0.0
0.0 0.0
1.0 0.0
0.320224 0.0
0.814326 0.0
1.0 0.0
0.0 0.0
0.814326 0.0
0.320224 0.0
0.0 0.0
1.0 0.0
0.814326 0.0
0.814326 0.0
1.0 0.0
1.0 0.0
0.0 0.0
1.0 0.0
0.0 1.0
1.0 0.0
0.0 0.0
0.0 0.0
1.0 0.0
0.320224 0.0
0.814326 0.0
1.0 0.0
0.0 0.0
0.814326 0.0
0.320224 0.0
0.0 0.0
1.0 0.0
0.814326 0.0
0.814326 0.0
1.0 0.0
1.0 0.0
0.0 0.0
1.0 0.0
0.0 1.0
1.0 0.0
0.0 0.0
0.0 0.0
1.0 0.0
0.320224 0.0
0.814326 0.0
1.0 0.0
0.0 0.0
0.814326 0.0
0.320224 0.0
0.0 0.0
1.0 0.0
0.814326 0.0
0.814326 0.0
1.0 0.0
1.0 0.0
0.0 0.0
1.0 0.0
0.0 1.0
1.0 0.0
0.0 0.0
0.0 0.0
1.0 0.0
0.320224 0.0
0.814326 0.0
1.0 0.0
0.0 0.0
0.814326 0.0
0.320224 0.0
0.0 0.0
1.0 0.0
0.814326 0.0
0.814326 0.0
1.0 0.0
1.0 0.0
0.0 0.0
1.0 0.0
0.0 1.0
1.0 0.0
0.0 0.0
0.0 0.0
1.0 0.0
0.320224 0.0
0.814326 0.0
1.0 0.0
0.0 0.0
0.814326 0.0
0.320224 0.0
0.0 0.0
1.0 0.0
0.814326 0.0
0.814326 0.0
1.0 0.0
1.0 0.0
0.0 0.0
1.0 0.0
0.0 1.0
1.0 0.0
0.0 0.0
0.0 0.0
1.0 0.0
0.320224 0.0
0.814326 0.0
1.0 0.0
0.0 0.0
0.814326 0.0
0.320224 0.0
0.0 0.0
1.0 0.0
0.814326 0.0
0.814326 0.0
1.0 0.0
1.0 0.0
0.0 0.0
1.0 0.0
0.0 1.0
1.0 0.0
0.0 0.0
0.0 0.0
1.0 0.0
0.320224 0.0
0.814326 0.0
1.0 0.0
0.0 0.0
0.814326 0.0
0.320224 0.0
0.0 0.0
1.0 0.0
0.814326 0.0
0.814326 0.0
1.0 0.0
1.0 0.0
0.0 0.0
1.0 0.0
0.0 1.0
1.0 0.0
0.0 0.0
0.0 0.0
1.0 0.0
0.320224 0.0
0.814326 0.0
1.0 0.0
0.0 0.0
0.814326 0.0
0.320224 0.0
0.0 0.0
1.0 0.0
0.814326 0.0
0.814326 0.0
1.0 0.0
1.0 0.0
0.0 0.0
1.0 0.0
0.0 1.0
1.0 0.0
0.0 0.0
0.0 0.0
1.0 0.0
0.320224 0.0
0.814326 0.0
1.0 0.0
0.0 0.0
0.814326 0.0
0.320224 0.0
0.0 0.0
1.0 0.0
0.814326 0.0
0.814326 0.0
1.0 0.0
1.0 0.0

1.0 0.912606 0.068173 1.0
1.0 0.912606 0.068173 1.0
1.0 0.912606 0.068173 1.0
1.0 0.912606 0.068173 1.0
1.0 0.912606 0.068173 1.0
1.0 0.912606 0.068173 1.0
1.0 0.912606 0.068173 1.0
1.0 0.912606 0.068173 1.0
1.0 0.912606 0.068173 1.0
1.0 0.912606 0.068173 1.0
1.0 0.912606 0.068173 1.0
1.0 0.912606 0.068173 1.0
1.0 0.912606 0.068173 1.0
1.0 0.912606 0.068173 1.0
1.0 0.912606 0.068173 1.0
1.0 0.912606 0.068173 1.0
1.0 0.912606 0.068173 1.0
1.0 0.912606 0.068173 1.0
1.0 0.912606 0.068173 1.0
1.0 0.912606 0.068173 1.0
1.0 0.912606 0.068173 1.0
1.0 0.912606 0.068173 1.0
1.0 0.912606 0.068173 1.0
1.0 0.912606 0.068173 1.0
1.0 0.912606 0.068173 1.0
1.0 0.912606 0.068173 1.0
1.0 0.912606 0.068173 1.0
1.0 0.912606 0.068173 1.0
1.0 0.912606 0.068173 1.0
1.0 0.912606 0.068173 1.0
1.0 0.912606 0.068173 1.0
1.0 0.912606 0.068173 1.0
1.0 0.912606 0.068173 1.0
1.0 0.912606 0.068173 1.0
1.0 0.912606 0.068173 1.0
1.0 0.912606 0.068173 1.0
1.0 0.912606 0.068173 1.0
1.0 0.912606 0.068173 1.0
1.0 0.912606 0.068173 1.0
1.0 0.912606 0.068173 1.0
1.0 0.912606 0.068173 1.0
1.0 0.912606 0.068173 1.0
1.0 0.912606 0.068173 1.0
1.0 0.912606 0.068173 1.0
1.0 0.912606 0.068173 1.0
1.0 0.912606 0.068173 1.0
1.0 0.912606 0.068173 1.0
1.0 0.912606 0.068173 1.0
1.0 0.912606 0.068173 1.0
1.0 0.912606 0.068173 1.0
1.0 0.912606 0.068173 1.0
1.0 0.912606 0.068173 1.0
1.0 0.912606 0.068173 1.0
1.0 0.912606 0.068173 1.0
1.0 0.912606 0.068173 1.0
1.0 0.912606 0.068173 1.0
1.0 0.912606 0.068173 1.0
1.0 0.912606 0.068173 1.0
1.0 0.912606 0.068173 1.0
1.0 0.912606 0.068173 1.0
1.0 0.912606 0.068173 1.0
1.0 0.912606 0.068173 1.0
1.0 0.912606 0.068173 1.0
1.0 0.912606 0.068173 1.0
1.0 0.912606 0.068173 1.0
1.0 0.912606 0.068173 1.0
1.0 0.912606 0.068173 1.0
1.0 0.912606 0.068173 1.0
1.0 0.912606 0.068173 1.0
1.0 0.912606 0.068173 1.0
1.0 0.912606 0.068173 1.0
1.0 0.912606 0.068173 1.0
1.0 0.912606 0.068173 1.0
1.0 0.912606 0.068173 1.0
1.0 0.912606 0.068173 1.0
1.0 0.912606 0.068173 1.0
1.0 0.912606 0.068173 1.0
1.0 0.912606 0.068173 1.0
1.0 0.912606 0.068173 1.0
1.0 0.912606 0.068173 1.0
1.0 0.912606 0.068173 1.0
1.0 0.912606 0.068173 1.0
1.0 0.912606 0.068173 1.0
1.0 0.912606 0.068173 1.0
1.0 0.912606 0.068173 1.0
1.0 0.912606 0.068173 1.0
1.0 0.912606 0.068173 1.0
1.0 0.912606 0.068173 1.0
1.0 0.912606 0.068173 1.0
1.0 0.912606 0.068173 1.0
1.0 0.912606 0.068173 1.0
1.0 0.912606 0.068173 1.0
1.0 0.912606 0.068173 1.0
1.0 0.912606 0.068173 1.0
1.0 0.912606 0.068173 1.0
1.0 0.912606 0.068173 1.0
1.0 0.912606 0.068173 1.0
1.0 0.912606 0.068173 1.0
1.0 0.912606 0.068173 1.0
1.0 0.912606 0.068173 1.0
1.0 0.912606 0.068173 1.0
1.0 0.912606 0.068173 1.0
1.0 0.912606 0.068173 1.0
1.0 0.912606 0.068173 1.0
1.0 0.912606 0.068173 1.0
1.0 0.912606 0.068173 1.0
1.0 0.912606 0.068173 1.0
1.0 0.912606 0.068173 1.0
1.0 0.912606 0.068173 1.0
1.0 0.912606 0.068173 1.0
1.0 0.912606 0.068173 1.0
1.0 0.912606 0.068173 1.0
1.0 0.912606 0.068173 1.0
1.0 0.912606 0.068173 1.0
1.0 0.912606 0.068173 1.0
1.0 0.912606 0.068173 1.0
1.0 0.912606 0.068173 1.0
1.0 0.912606 0.068173 1.0
1.0 0.912606 0.068173 1.0
1.0 0.912606 0.068173 1.0
1.0 0.912606 0.068173 1.0
1.0 0.912606 0.068173 1.0
1.0 0.912606 0.068173 1.0
1.0 0.912606 0.068173 1.0
1.0 0.912606 0.068173 1.0
1.0 0.912606 0.068173 1.0
1.0 0.912606 0.068173 1.0
1.0 0.912606 0.068173 1.0
1.0 0.912606 0.068173 1.0
1.0 0.912606 0.068173 1.0
1.0 0.912606 0.068173 1.0
1.0 0.912606 0.068173 1.0
1.0 0.912606 0.068173 1.0
1.0 0.912606 0.068173 1.0
1.0 0.912606 0.068173 1.0
1.0 0.912606 0.068173 1.0
1.0 0.912606 0.068173 1.0
1.0 0.912606 0.068173 1.0
1.0 0.912606 0.068173 1.0
1.0 0.912606 0.068173 1.0
1.0 0.912606 0.068173 1.0
1.0 0.912606 0.068173 1.0
1.0 0.912606 0.068173 1.0
1.0 0.912606 0.068173 1.0
1.0 0.912606 0.068173 1.0
1.0 0.912606 0.068173 1.0
1.0 0.912606 0.068173 1.0
1.0 0.912606 0.068173 1.0
1.0 0.912606 0.068173 1.0
1.0 0.912606 0.068173 1.0
1.0 0.912606 0.068173 1.0
1.0 0.912606 0.068173 1.0
1.0 0.912606 0.068173 1.0
1.0 0.912606 0.068173 1.0
1.0 0.912606 0.068173 1.0
1.0 0.912606 0.068173 1.0
1.0 0.912606 0.068173 1.0
1.0 0.912606 0.068173 1.0
1.0 0.912606 0.068173 1.0
1.0 0.912606 0.068173 1.0
1.0 0.912606 0.068173 1.0
1.0 0.912606 0.068173 1.0
1.0 0.912606 0.068173 1.0
1.0 0.912606 0.068173 1.0
1.0 0.912606 0.068173 1.0
1.0 0.912606 0.068173 1.0
1.0 0.912606 0.068173 1.0
1.0 0.912606 0.068173 1.0
1.0 0.912606 0.068173 1.0
1.0 0.912606 0.068173 1.0
1.0 0.912606 0.068173 1.0
1.0 0.912606 0.068173 1.0
1.0 0.912606 0.068173 1.0
1.0 0.912606 0.068173 1.0
1.0 0.912606 0.068173 1.0
1.0 0.912606 0.068173 1.0
1.0 0.912606 0.068173 1.0
1.0 0.912606 0.068173 1.0
1.0 0.912606 0.068173 1.0
1.0 0.912606 0.068173 1.0
1.0 0.912606 0.068173 1.0
1.0 0.912606 0.068173 1.0
1.0 0.912606 0.068173 1.0
1.0 0.912606 0.068173 1.0
1.0 0.912606 0.068173 1.0
1.0 0.912606 0.068173 1.0
1.0 0.912606 0.068173 1.0
1.0 0.912606 0.068173 1.0
1.0 0.912606 0.068173 1.0
1.0 0.912606 0.068173 1.0
1.0 0.912606 0.068173 1.0
1.0 0.912606 0.068173 1.0
1.0 0.912606 0.068173 1.0
1.0 0.912606 0.068173 1.0
1.0 0.912606 0.068173 1.0
1.0 0.912606 0.068173 1.0
1.0 0.912606 0.068173 1.0
1.0 0.912606 0.068173 1.0
1.0 0.912606 0.068173 1.0
1.0 0.912606 0.068173 1.0
1.0 0.912606 0.068173 1.0
1.0 0.912606 0.068173 1.0
1.0 0.912606 0.068173 1.0
1.0 0.912606 0.068173 1.0
1.0 0.912606 0.068173 1.0
1.0 0.912606 0.068173 1.0
1.0 0.912606 0.068173 1.0
1.0 0.912606 0.068173 1.0
1.0 0.912606 0.068173 1.0
1.0 0.912606 0.068173 1.0
1.0 0.912606 0.068173 1.0
1.0 0.912606 0.068173 1.0
1.0 0.912606 0.068173 1.0
1.0 0.912606 0.068173 1.0
1.0 0.912606 0.068173 1.0
1.0 0.912606 0.068173 1.0
1.0 0.912606 0.068173 1.0
1.0 0.912606 0.068173 1.0
1.0 0.912606 0.068173 1.0
1.0 0.912606 0.068173 1.0
1.0 0.912606 0.068173 1.0
1.0 0.912606 0.068173 1.0
1.0 0.912606 0.068173 1.0
1.0 0.912606 0.068173 1.0
1.0 0.912606 0.068173 1.0
1.0 0.912606 0.068173 1.0
1.0 0.912606 0.068173 1.0
1.0 0.912606 0.068173 1.0
1.0 0.912606 0.068173 1.0
1.0 0.912606 0.068173 1.0
1.0 0.912606 0.068173 1.0
1.0 0.912606 0.068173 1.0
1.0 0.912606 0.068173 1.0
1.0 0.912606 0.068173 1.0
1.0 0.912606 0.068173 1.0
1.0 0.912606 0.068173 1.0
1.0 0.912606 0.068173 1.0
1.0 0.912606 0.068173 1.0
1.0 0.912606 0.068173 1.0
1.0 0.912606 0.068173 1.0
1.0 0.912606 0.068173 1.0
1.0 0.912606 0.068173 1.0
1.0 0.912606 0.068173 1.0
1.0 0.912606 0.068173 1.0
1.0 0.912606 0.068173 1.0
1.0 0.912606 0.068173 1.0
1.0 0.912606 0.068173 1.0
1.0 0.912606 0.068173 1.0
1.0 0.912606 0.068173 1.0
1.0 0.912606 0.068173 1.0
1.0 0.912606 0.068173 1.0
1.0 0.912606 0.068173 1.0
1.0 0.912606 0.068173 1.0
1.0 0.912606 0.068173 1.0
1.0 0.912606 0.068173 1.0
1.0 0.912606 0.068173 1.0
1.0 0.912606 0.068173 1.0
1.0 0.912606 0.068173 1.0
1.0 0.912606 0.068173 1.0
1.0 0.912606 0.068173 1.0
1.0 0.912606 0.068173 1.0
1.0 0.912606 0.068173 1.0
1.0 0.912606 0.068173 1.0
1.0 0.912606 0.068173 1.0
1.0 0.912606 0.068173 1.0
1.0 0.912606 0.068173 1.0
1.0 0.912606 0.068173 1.0
1.0 0.912606 0.068173 1.0
1.0 0.912606 0.068173 1.0
1.0 0.912606 0.068173 1.0
1.0 0.912606 0.068173 1.0
1.0 0.912606 0.068173 1.0
1.0 0.912606 0.068173 1.0
1.0 0.912606 0.068173 1.0
1.0 0.912606 0.068173 1.0
1.0 0.912606 0.068173 1.0
1.0 0.912606 0.068173 1.0
1.0 0.912606 0.068173 1.0
1.0 0.912606 0.068173 1.0
1.0 0.912606 0.068173 1.0
1.0 0.912606 0.068173 1.0
1.0 0.912606 0.068173 1.0
1.0 0.912606 0.068173 1.0
1.0 0.912606 0.068173 1.0
1.0 0.912606 0.068173 1.0
1.0 0.912606 0.068173 1.0
1.0 0.912606 0.068173 1.0
1.0 0.912606 0.068173 1.0
1.0 0.912606 0.068173 1.0
1.0 0.912606 0.068173 1.0
1.0 0.912606 0.068173 1.0
1.0 0.912606 0.068173 1.0
1.0 0.912606 0.068173 1.0
1.0 0.912606 0.068173 1.0
1.0 0.912606 0.068173 1.0
1.0 0.912606 0.068173 1.0
1.0 0.912606 0.068173 1.0
1.0 0.912606 0.068173 1.0
1.0 0.912606 0.068173 1.0
1.0 0.912606 0.068173 1.0
1.0 0.912606 0.068173 1.0
1.0 0.912606 0.068173 1.0
1.0 0.912606 0.068173 1.0
1.0 0.912606 0.068173 1.0
1.0 0.912606 0.068173 1.0
1.0 0.912606 0.068173 1.0
1.0 0.912606 0.068173 1.0
1.0 0.912606 0.068173 1.0
1.0 0.912606 0.068173 1.0
1.0 0.912606 0.068173 1.0
1.0 0.912606 0.068173 1.0
1.0 0.912606 0.068173 1.0
1.0 0.912606 0.068173 1.0
1.0 0.912606 0.068173 1.0
1.0 0.912606 0.068173 1.0
1.0 0.912606 0.068173 1.0
1.0 0.912606 0.068173 1.0
1.0 0.912606 0.068173 1.0
1.0 0.912606 0.068173 1.0
1.0 0.912606 0.068173 1.0
1.0 0.912606 0.068173 1.0
1.0 0.912606 0.068173 1.0
1.0 0.912606 0.068173 1.0
1.0 0.912606 0.068173 1.0
1.0 0.912606 0.068173 1.0
1.0 0.912606 0.068173 1.0
1.0 0.912606 0.068173 1.0
1.0 0.912606 0.068173 1.0
1.0 0.912606 0.068173 1.0
1.0 0.912606 0.068173 1.0
1.0 0.912606 0.068173 1.0
1.0 0.912606 0.068173 1.0
1.0 0.912606 0.068173 1.0
1.0 0.912606 0.068173 1.0
1.0 0.912606 0.068173 1.0
1.0 0.912606 0.068173 1.0
1.0 0.912606 0.068173 1.0

3 2 1
3 1 0
7 6 5
7 5 4
11 10 9
11 9 8
15 14 13
15 13 12
19 18 17
19 17 16
23 22 21
23 21 20
27 26 25
27 25 24
31 30 29
31 29 28
35 34 33
35 33 32
39 38 37
39 37 36
43 42 41
43 41 40
47 46 45
47 45 44
51 50 49
51 49 48
55 54 53
55 53 52
59 58 57
59 57 56
63 62 61
63 61 60
67 66 65
67 65 64
71 70 69
71 69 68
75 74 73
75 73 72
79 78 77
79 77 76
83 82 81
83 81 80
87 86 85
87 85 84
91 90 89
91 89 88
95 94 93
95 93 92
99 98 97
99 97 96
103 102 101
103 101 100
107 106 105
107 105 104
111 110 109
111 109 108
115 114 113
115 113 112
119 118 117
119 117 116
123 122 121
123 121 120
127 126 125
127 125 124
130 129 128
134 133 132
134 132 131
138 137 136
138 136 135
142 141 140
142 140 139
146 145 144
146 144 143
149 148 147
153 152 151
153 151 150
157 156 155
157 155 154
161 160 159
161 159 158
165 164 163
165 163 162
168 167 166
172 171 170
172 170 169
176 175 174
176 174 173
180 179 178
180 178 177
184 183 182
184 182 181
187 186 185
191 190 189
191 189 188
195 194 193
195 193 192
199 198 197
199 197 196
203 202 201
203 201 200
206 205 204
210 209 208
210 208 207
214 213 212
214 212 211
218 217 216
218 216 215
222 221 220
222 220 219
225 224 223
229 228 227
229 227 226
233 232 231
233 231 230
237 236 235
237 235 234
241 240 239
241 239 238
244 243 242
248 247 246
248 246 245
252 251 250
252 250 249
256 255 254
256 254 253
260 259 258
260 258 257
263 262 261
267 266 265
267 265 264
271 270 269
271 269 268
275 274 273
275 273 272
279 278 277
279 277 276
282 281 280
286 285 284
286 284 283
290 289 288
290 288 287
294 293 292
294 292 291
298 297 296
298 296 295
301 300 299
305 304 303
305 303 302
309 308 307
309 307 306
313 312 311
313 311 310
317 316 315
317 315 314
320 319 318
324 323 322
324 322 321
328 327 326
328 326 325
332 331 330
332 330 329
336 335 334
336 334 333
