25 36

-0.5 0 -0.5
-0.5 0 0.5
0.5 0 0.5
0.5 0 -0.5
-0.31 2 -0.3
-0.29 2 0.3
0.25 2 0.3
0.3 2 -0.3
0 4 0

0 3.25 -1.2
0.84 3.25 -0.84
1.2 3.25 0
0.84 3.25 0.84
0 3.25 1.2
-0.84 3.25 0.84
-1.2 3.25 0
-0.84 3.25 -0.84

0 2 -1.8
1.26 2 -1.26
1.8 2 0
1.26 2 1.26
0 2 1.8
-1.26 2 1.26
-1.8 2 0
-1.26 2 -1.26

no_normals

0 0
0 0
0 0
0 0

0 0
0 0
0 0
0 0

0 0

0 0

0 0
0 0
0 0
0 0
0 0

0 0
0 0
0 0
0 0
0 0

0 0
0 0
0 0
0 0
0 0


0.8 0.8 0.8 1.0
0.8 0.8 0.8 1.0
0.8 0.8 0.8 1.0
0.8 0.8 0.8 1.0
0.8 0.8 0.8 1.0
0.8 0.8 0.8 1.0
0.8 0.8 0.8 1.0
0.8 0.8 0.8 1.0
0.7 0.1 0.1 1.0

0.8 0.8 0.8 1.0
0.7 0.1 0.1 1.0
0.7 0.1 0.1 1.0
0.8 0.8 0.8 1.0
0.7 0.1 0.1 1.0
0.7 0.1 0.1 1.0
0.7 0.1 0.1 1.0
0.7 0.1 0.1 1.0
0.7 0.1 0.1 1.0
0.7 0.1 0.1 1.0
0.7 0.1 0.1 1.0
0.7 0.1 0.1 1.0
0.7 0.1 0.1 1.0
0.7 0.1 0.1 1.0
0.8 0.8 0.8 1.0
0.7 0.1 0.1 1.0


0 7 4
0 3 7
3 6 7
3 2 6
1 4 5
1 0 4
2 5 6
2 1 5
4 7 8
7 6 8
6 5 8
5 4 8

9 10 8
10 11 8
11 12 8
12 13 8
13 14 8
14 15 8
15 16 8
16 9 8

17 10 9
18 11 10
19 12 11
20 13 12
21 14 13
22 15 14
23 16 15
24 9 16

17 18 10
18 19 11
19 20 12
20 21 13
21 22 14
22 23 15
23 24 16
24 17 9