84 44 

0.0 0.0 -1.0
0.0 1.0 -1.0
0.866025 1.0 -0.5
0.866025 0.0 -0.5
0.866025 0.0 -0.5
0.866025 1.0 -0.5
0.866025 1.0 0.5
0.866025 0.0 0.5
0.866025 0.0 0.5
0.866025 1.0 0.5
-0.0 1.0 1.0
-0.0 0.0 1.0
-0.0 0.0 1.0
-0.0 1.0 1.0
-0.866025 1.0 0.5
-0.866025 0.0 0.5
0.866025 1.0 -0.5
0.0 1.0 -1.0
0.0 1.089484 -1.088055
0.942283 1.089484 -0.544027
-0.866025 0.0 0.5
-0.866025 1.0 0.5
-0.866025 1.0 -0.5
-0.866025 0.0 -0.5
-0.866025 0.0 -0.5
-0.866025 1.0 -0.5
0.0 1.0 -1.0
0.0 0.0 -1.0
0.0 0.0 -1.0
0.866025 0.0 -0.5
0.866025 0.0 0.5
-0.0 0.0 1.0
-0.866025 0.0 0.5
-0.866025 0.0 -0.5
0.0 1.089484 -1.088055
-0.942283 1.089484 -0.544027
-0.877286 1.181821 -0.506501
0.0 1.181821 -1.013003
-0.0 1.0 1.0
0.866025 1.0 0.5
0.942283 1.089484 0.544028
-0.0 1.089484 1.088055
0.0 1.0 -1.0
-0.866025 1.0 -0.5
-0.942283 1.089484 -0.544027
0.0 1.089484 -1.088055
-0.866025 1.0 0.5
-0.0 1.0 1.0
-0.0 1.089484 1.088055
-0.942283 1.089484 0.544027
0.866025 1.0 0.5
0.866025 1.0 -0.5
0.942283 1.089484 -0.544027
0.942283 1.089484 0.544028
-0.866025 1.0 -0.5
-0.866025 1.0 0.5
-0.942283 1.089484 0.544027
-0.942283 1.089484 -0.544027
0.877286 1.181821 -0.506501
0.0 1.181821 -1.013003
-0.877286 1.181821 -0.506501
-0.877286 1.181821 0.506501
-0.0 1.181821 1.013003
0.877286 1.181821 0.506501
-0.942283 1.089484 0.544027
-0.0 1.089484 1.088055
-0.0 1.181821 1.013003
-0.877286 1.181821 0.506501
0.942283 1.089484 0.544028
0.942283 1.089484 -0.544027
0.877286 1.181821 -0.506501
0.877286 1.181821 0.506501
-0.942283 1.089484 -0.544027
-0.942283 1.089484 0.544027
-0.877286 1.181821 0.506501
-0.877286 1.181821 -0.506501
-0.0 1.089484 1.088055
0.942283 1.089484 0.544028
0.877286 1.181821 0.506501
-0.0 1.181821 1.013003
0.942283 1.089484 -0.544027
0.0 1.089484 -1.088055
0.0 1.181821 -1.013003
0.877286 1.181821 -0.506501

no_normals
1.0 0.5
1.0 1.0
0.833333 1.0
0.833333 0.5
0.833333 0.5
0.833333 1.0
0.666667 1.0
0.666667 0.5
0.666667 0.5
0.666667 1.0
0.5 1.0
0.5 0.5
0.5 0.5
0.5 1.0
0.333333 1.0
0.333333 0.5
0.833333 1.0
1.0 1.0
1.0 1.0
0.833333 1.0
0.333333 0.5
0.333333 1.0
0.166667 1.0
0.166667 0.5
0.166667 0.5
0.166667 1.0
-0.0 1.0
-0.0 0.5
0.75 0.49
0.957846 0.37
0.957846 0.13
0.75 0.01
0.542154 0.13
0.542154 0.37
-0.0 1.0
0.166667 1.0
0.166667 1.0
-0.0 1.0
0.5 1.0
0.666667 1.0
0.666667 1.0
0.5 1.0
-0.0 1.0
0.166667 1.0
0.166667 1.0
-0.0 1.0
0.333333 1.0
0.5 1.0
0.5 1.0
0.333333 1.0
0.666667 1.0
0.833333 1.0
0.833333 1.0
0.666667 1.0
0.166667 1.0
0.333333 1.0
0.333333 1.0
0.166667 1.0
0.457846 0.37
0.25 0.49
0.042154 0.37
0.042154 0.13
0.25 0.01
0.457846 0.13
0.333333 1.0
0.5 1.0
0.5 1.0
0.333333 1.0
0.666667 1.0
0.833333 1.0
0.833333 1.0
0.666667 1.0
0.166667 1.0
0.333333 1.0
0.333333 1.0
0.166667 1.0
0.5 1.0
0.666667 1.0
0.666667 1.0
0.5 1.0
0.833333 1.0
1.0 1.0
1.0 1.0
0.833333 1.0

0.3 0.3 0.31 1.0
0.3 0.3 0.31 1.0
0.3 0.3 0.31 1.0
0.3 0.3 0.31 1.0
0.3 0.3 0.31 1.0
0.3 0.3 0.31 1.0
0.3 0.3 0.31 1.0
0.3 0.3 0.31 1.0
0.3 0.3 0.31 1.0
0.3 0.3 0.31 1.0
0.3 0.3 0.31 1.0
0.3 0.3 0.31 1.0
0.3 0.3 0.31 1.0
0.3 0.3 0.31 1.0
0.3 0.3 0.31 1.0
0.3 0.3 0.31 1.0
0.3 0.3 0.31 1.0
0.3 0.3 0.31 1.0
0.3 0.3 0.31 1.0
0.3 0.3 0.31 1.0
0.3 0.3 0.31 1.0
0.3 0.3 0.31 1.0
0.3 0.3 0.31 1.0
0.3 0.3 0.31 1.0
0.3 0.3 0.31 1.0
0.3 0.3 0.31 1.0
0.3 0.3 0.31 1.0
0.3 0.3 0.31 1.0
0.3 0.3 0.31 1.0
0.3 0.3 0.31 1.0
0.3 0.3 0.31 1.0
0.3 0.3 0.31 1.0
0.3 0.3 0.31 1.0
0.3 0.3 0.31 1.0
0.3 0.3 0.31 1.0
0.3 0.3 0.31 1.0
0.3 0.3 0.31 1.0
0.3 0.3 0.31 1.0
0.3 0.3 0.31 1.0
0.3 0.3 0.31 1.0
0.3 0.3 0.31 1.0
0.3 0.3 0.31 1.0
0.3 0.3 0.31 1.0
0.3 0.3 0.31 1.0
0.3 0.3 0.31 1.0
0.3 0.3 0.31 1.0
0.3 0.3 0.31 1.0
0.3 0.3 0.31 1.0
0.3 0.3 0.31 1.0
0.3 0.3 0.31 1.0
0.3 0.3 0.31 1.0
0.3 0.3 0.31 1.0
0.3 0.3 0.31 1.0
0.3 0.3 0.31 1.0
0.3 0.3 0.31 1.0
0.3 0.3 0.31 1.0
0.3 0.3 0.31 1.0
0.3 0.3 0.31 1.0
0.3 0.3 0.31 1.0
0.3 0.3 0.31 1.0
0.3 0.3 0.31 1.0
0.3 0.3 0.31 1.0
0.3 0.3 0.31 1.0
0.3 0.3 0.31 1.0
0.3 0.3 0.31 1.0
0.3 0.3 0.31 1.0
0.3 0.3 0.31 1.0
0.3 0.3 0.31 1.0
0.3 0.3 0.31 1.0
0.3 0.3 0.31 1.0
0.3 0.3 0.31 1.0
0.3 0.3 0.31 1.0
0.3 0.3 0.31 1.0
0.3 0.3 0.31 1.0
0.3 0.3 0.31 1.0
0.3 0.3 0.31 1.0
0.3 0.3 0.31 1.0
0.3 0.3 0.31 1.0
0.3 0.3 0.31 1.0
0.3 0.3 0.31 1.0
0.3 0.3 0.31 1.0
0.3 0.3 0.31 1.0
0.3 0.3 0.31 1.0
0.3 0.3 0.31 1.0

3 2 1
3 1 0
7 6 5
7 5 4
11 10 9
11 9 8
15 14 13
15 13 12
19 18 17
19 17 16
23 22 21
23 21 20
27 26 25
27 25 24
33 32 31
33 31 30
33 30 29
33 29 28
37 36 35
37 35 34
41 40 39
41 39 38
45 44 43
45 43 42
49 48 47
49 47 46
53 52 51
53 51 50
57 56 55
57 55 54
63 62 61
63 61 60
63 60 59
63 59 58
67 66 65
67 65 64
71 70 69
71 69 68
75 74 73
75 73 72
79 78 77
79 77 76
83 82 81
83 81 80
