632 318 

-0.111849 0.02645 0.087148
-0.111849 0.044679 0.197188
-0.057184 0.05365 0.251339
0.0 0.05365 0.251339
0.0 0.02645 0.087148
-0.049893 0.040934 -0.212223
-0.111849 0.031716 -0.150866
-0.111849 0.026413 -0.115568
0.0 0.026413 -0.115568
0.0 0.040934 -0.212223
-0.057184 0.002317 0.26469
-0.111849 -0.006652 0.210539
-0.111849 -0.02645 0.091014
0.0 -0.02645 0.091014
0.0 0.002317 0.26469
-0.111849 -0.02645 0.091014
-0.111849 0.02645 0.087148
-0.111849 0.026413 -0.115568
-0.111849 -0.026413 -0.120345
-0.111849 -0.02645 0.091014
-0.111849 -0.026413 -0.120345
0.0 -0.026413 -0.120345
0.0 -0.02645 0.091014
0.0 0.002317 0.26469
0.0 0.05365 0.251339
-0.057184 0.05365 0.251339
-0.057184 0.002317 0.26469
-0.111849 0.026413 -0.115568
-0.111849 0.02645 0.087148
0.0 0.02645 0.087148
0.0 0.026413 -0.115568
-0.111849 -0.026413 -0.120345
-0.111849 0.026413 -0.115568
-0.111849 0.031716 -0.150866
-0.111849 -0.02023 -0.161538
-0.111849 -0.026413 -0.120345
-0.111849 -0.02023 -0.161538
-0.049893 -0.011021 -0.222896
0.0 -0.011021 -0.222896
0.0 -0.026413 -0.120345
-0.111849 0.044679 0.197188
-0.111849 -0.006652 0.210539
-0.057184 0.002317 0.26469
-0.057184 0.05365 0.251339
-0.111849 -0.006652 0.210539
-0.111849 0.044679 0.197188
-0.111849 0.02645 0.087148
-0.111849 -0.02645 0.091014
-0.049893 0.040934 -0.212223
-0.049893 -0.011021 -0.222896
-0.111849 -0.02023 -0.161538
-0.111849 0.031716 -0.150866
-0.049893 -0.011021 -0.222896
-0.049893 0.040934 -0.212223
0.0 0.040934 -0.212223
0.0 -0.011021 -0.222896
0.111849 0.02645 0.087148
0.0 0.02645 0.087148
0.0 0.05365 0.251339
0.057184 0.05365 0.251339
0.111849 0.044679 0.197188
0.049893 0.040934 -0.212223
0.0 0.040934 -0.212223
0.0 0.026413 -0.115568
0.111849 0.026413 -0.115568
0.111849 0.031716 -0.150866
0.057184 0.002317 0.26469
0.0 0.002317 0.26469
0.0 -0.02645 0.091014
0.111849 -0.02645 0.091014
0.111849 -0.006652 0.210539
0.111849 -0.02645 0.091014
0.111849 -0.026413 -0.120345
0.111849 0.026413 -0.115568
0.111849 0.02645 0.087148
0.111849 -0.02645 0.091014
0.0 -0.02645 0.091014
0.0 -0.026413 -0.120345
0.111849 -0.026413 -0.120345
0.0 0.002317 0.26469
0.057184 0.002317 0.26469
0.057184 0.05365 0.251339
0.0 0.05365 0.251339
0.111849 0.026413 -0.115568
0.0 0.026413 -0.115568
0.0 0.02645 0.087148
0.111849 0.02645 0.087148
0.111849 -0.026413 -0.120345
0.111849 -0.02023 -0.161538
0.111849 0.031716 -0.150866
0.111849 0.026413 -0.115568
0.111849 -0.026413 -0.120345
0.0 -0.026413 -0.120345
0.0 -0.011021 -0.222896
0.049893 -0.011021 -0.222896
0.111849 -0.02023 -0.161538
0.111849 0.044679 0.197188
0.057184 0.05365 0.251339
0.057184 0.002317 0.26469
0.111849 -0.006652 0.210539
0.111849 -0.006652 0.210539
0.111849 -0.02645 0.091014
0.111849 0.02645 0.087148
0.111849 0.044679 0.197188
0.049893 0.040934 -0.212223
0.111849 0.031716 -0.150866
0.111849 -0.02023 -0.161538
0.049893 -0.011021 -0.222896
0.049893 -0.011021 -0.222896
0.0 -0.011021 -0.222896
0.0 0.040934 -0.212223
0.049893 0.040934 -0.212223
-0.05265 0.045336 0.227834
-0.05265 0.110254 0.197347
-0.085157 0.100206 0.142022
-0.09202 0.02623 0.186728
-0.05265 0.045336 0.227834
0.0 0.045336 0.238256
0.0 0.122777 0.210187
-0.05265 0.110254 0.197347
-0.09202 0.02623 0.186728
-0.085157 0.100206 0.142022
-0.090299 0.117217 -0.117787
-0.093178 0.012335 -0.13286
-0.093178 0.012335 -0.13286
-0.090299 0.117217 -0.117787
-0.067082 0.126351 -0.170125
-0.066545 0.027967 -0.182072
-0.066545 0.027967 -0.182072
-0.067082 0.126351 -0.170125
0.0 0.134932 -0.194932
0.0 0.027967 -0.203493
-0.05265 0.110254 0.197347
0.0 0.122777 0.210187
0.0 0.163716 0.133285
-0.051492 0.140987 0.130187
-0.05265 0.110254 0.197347
-0.051492 0.140987 0.130187
-0.085157 0.100206 0.142022
-0.051492 0.140987 0.130187
0.0 0.163716 0.133285
0.0 0.133829 -0.003705
-0.051492 0.121752 -0.005806
-0.069517 0.210228 -0.173256
-0.054732 0.211822 -0.165371
0.0 0.221731 -0.196025
0.0 0.220137 -0.20391
-0.096993 0.201644 -0.121884
-0.082207 0.203238 -0.113999
-0.054732 0.211822 -0.165371
-0.069517 0.210228 -0.173256
-0.069785 0.222958 -0.038335
-0.054999 0.224552 -0.030449
-0.082207 0.203238 -0.113999
-0.096993 0.201644 -0.121884
-0.051492 0.121752 -0.005806
-0.045624 0.12876 -0.019582
0.0 0.139741 -0.017639
0.0 0.133829 -0.003705
-0.075514 0.118811 -0.109902
-0.082207 0.203238 -0.113999
-0.054999 0.224552 -0.030449
-0.036707 0.123346 0.00208
0.0 0.136526 -0.187046
0.0 0.221731 -0.196025
-0.054732 0.211822 -0.165371
-0.052297 0.127945 -0.162239
-0.052297 0.127945 -0.162239
-0.054732 0.211822 -0.165371
-0.082207 0.203238 -0.113999
-0.075514 0.118811 -0.109902
-0.067082 0.126351 -0.170125
-0.052297 0.127945 -0.162239
-0.075514 0.118811 -0.109902
-0.090299 0.117217 -0.117787
-0.090299 0.117217 -0.117787
-0.075514 0.118811 -0.109902
-0.036707 0.123346 0.00208
-0.051492 0.121752 -0.005806
-0.051492 0.121752 -0.005806
-0.036707 0.123346 0.00208
-0.054999 0.224552 -0.030449
-0.069785 0.222958 -0.038335
0.0 0.134932 -0.194932
0.0 0.136526 -0.187046
-0.052297 0.127945 -0.162239
-0.067082 0.126351 -0.170125
-0.090299 0.117217 -0.117787
-0.051492 0.121752 -0.005806
-0.069785 0.222958 -0.038335
-0.096993 0.201644 -0.121884
-0.096993 0.201644 -0.121884
-0.069517 0.210228 -0.173256
-0.067082 0.126351 -0.170125
-0.090299 0.117217 -0.117787
-0.069517 0.210228 -0.173256
0.0 0.220137 -0.20391
0.0 0.134932 -0.194932
-0.067082 0.126351 -0.170125
-0.085157 0.100206 0.142022
-0.051492 0.140987 0.130187
-0.051492 0.121752 -0.005806
-0.085157 0.100206 0.142022
-0.051492 0.121752 -0.005806
-0.090299 0.117217 -0.117787
0.05265 0.045336 0.227834
0.09202 0.02623 0.186728
0.085157 0.100206 0.142022
0.05265 0.110254 0.197347
0.05265 0.045336 0.227834
0.05265 0.110254 0.197347
0.0 0.122777 0.210187
0.0 0.045336 0.238256
0.09202 0.02623 0.186728
0.093178 0.012335 -0.13286
0.090299 0.117217 -0.117787
0.085157 0.100206 0.142022
0.093178 0.012335 -0.13286
0.066545 0.027967 -0.182072
0.067082 0.126351 -0.170125
0.090299 0.117217 -0.117787
0.066545 0.027967 -0.182072
0.0 0.027967 -0.203493
0.0 0.134932 -0.194932
0.067082 0.126351 -0.170125
0.05265 0.110254 0.197347
0.051492 0.140987 0.130187
0.0 0.163716 0.133285
0.0 0.122777 0.210187
0.05265 0.110254 0.197347
0.085157 0.100206 0.142022
0.051492 0.140987 0.130187
0.051492 0.140987 0.130187
0.051492 0.121752 -0.005806
0.0 0.133829 -0.003705
0.0 0.163716 0.133285
0.069517 0.210228 -0.173256
0.0 0.220137 -0.20391
0.0 0.221731 -0.196025
0.054732 0.211822 -0.165371
0.096993 0.201644 -0.121884
0.069517 0.210228 -0.173256
0.054732 0.211822 -0.165371
0.082207 0.203238 -0.113999
0.069785 0.222958 -0.038335
0.096993 0.201644 -0.121884
0.082207 0.203238 -0.113999
0.054999 0.224552 -0.030449
0.051492 0.121752 -0.005806
0.0 0.133829 -0.003705
0.0 0.139741 -0.017639
0.045624 0.12876 -0.019582
0.075514 0.118811 -0.109902
0.036707 0.123346 0.00208
0.054999 0.224552 -0.030449
0.082207 0.203238 -0.113999
0.0 0.136526 -0.187046
0.052297 0.127945 -0.162239
0.054732 0.211822 -0.165371
0.0 0.221731 -0.196025
0.052297 0.127945 -0.162239
0.075514 0.118811 -0.109902
0.082207 0.203238 -0.113999
0.054732 0.211822 -0.165371
0.067082 0.126351 -0.170125
0.090299 0.117217 -0.117787
0.075514 0.118811 -0.109902
0.052297 0.127945 -0.162239
0.090299 0.117217 -0.117787
0.051492 0.121752 -0.005806
0.036707 0.123346 0.00208
0.075514 0.118811 -0.109902
0.051492 0.121752 -0.005806
0.069785 0.222958 -0.038335
0.054999 0.224552 -0.030449
0.036707 0.123346 0.00208
0.0 0.134932 -0.194932
0.067082 0.126351 -0.170125
0.052297 0.127945 -0.162239
0.0 0.136526 -0.187046
0.090299 0.117217 -0.117787
0.096993 0.201644 -0.121884
0.069785 0.222958 -0.038335
0.051492 0.121752 -0.005806
0.096993 0.201644 -0.121884
0.090299 0.117217 -0.117787
0.067082 0.126351 -0.170125
0.069517 0.210228 -0.173256
0.069517 0.210228 -0.173256
0.067082 0.126351 -0.170125
0.0 0.134932 -0.194932
0.0 0.220137 -0.20391
0.085157 0.100206 0.142022
0.051492 0.121752 -0.005806
0.051492 0.140987 0.130187
0.085157 0.100206 0.142022
0.090299 0.117217 -0.117787
0.051492 0.121752 -0.005806
0.0 0.231072 -0.015316
0.0 0.228251 -0.030418
-0.047408 0.23949 -0.046478
-0.053277 0.242312 -0.031376
-0.052202 0.174338 -0.041452
-0.046334 0.171516 -0.056554
-0.045624 0.12876 -0.019582
-0.051492 0.121752 -0.005806
-0.053277 0.242312 -0.031376
-0.047408 0.23949 -0.046478
-0.04617 0.21029 -0.070637
-0.052039 0.213112 -0.055535
-0.045624 0.12876 -0.019582
-0.046334 0.171516 -0.056554
0.0 0.184275 -0.041033
0.0 0.139741 -0.017639
-0.046334 0.171516 -0.056554
-0.04617 0.21029 -0.070637
0.0 0.213497 -0.046659
0.0 0.184275 -0.041033
-0.04617 0.21029 -0.070637
-0.047408 0.23949 -0.046478
0.0 0.228251 -0.030418
0.0 0.213497 -0.046659
-0.052039 0.213112 -0.055535
-0.04617 0.21029 -0.070637
-0.046334 0.171516 -0.056554
-0.052202 0.174338 -0.041452
0.0 0.178873 -0.024056
-0.052202 0.174338 -0.041452
-0.051492 0.121752 -0.005806
0.0 0.133829 -0.003705
-0.052039 0.213112 -0.055535
-0.052202 0.174338 -0.041452
0.0 0.178873 -0.024056
0.0 0.210551 -0.033917
0.0 0.231072 -0.015316
-0.053277 0.242312 -0.031376
-0.052039 0.213112 -0.055535
0.0 0.210551 -0.033917
0.0 0.231072 -0.015316
0.053277 0.242312 -0.031376
0.047408 0.23949 -0.046478
0.0 0.228251 -0.030418
0.052202 0.174338 -0.041452
0.051492 0.121752 -0.005806
0.045624 0.12876 -0.019582
0.046334 0.171516 -0.056554
0.053277 0.242312 -0.031376
0.052039 0.213112 -0.055535
0.04617 0.21029 -0.070637
0.047408 0.23949 -0.046478
0.045624 0.12876 -0.019582
0.0 0.139741 -0.017639
0.0 0.184275 -0.041033
0.046334 0.171516 -0.056554
0.046334 0.171516 -0.056554
0.0 0.184275 -0.041033
0.0 0.213497 -0.046659
0.04617 0.21029 -0.070637
0.04617 0.21029 -0.070637
0.0 0.213497 -0.046659
0.0 0.228251 -0.030418
0.047408 0.23949 -0.046478
0.052039 0.213112 -0.055535
0.052202 0.174338 -0.041452
0.046334 0.171516 -0.056554
0.04617 0.21029 -0.070637
0.0 0.178873 -0.024056
0.0 0.133829 -0.003705
0.051492 0.121752 -0.005806
0.052202 0.174338 -0.041452
0.052039 0.213112 -0.055535
0.0 0.210551 -0.033917
0.0 0.178873 -0.024056
0.052202 0.174338 -0.041452
0.0 0.231072 -0.015316
0.0 0.210551 -0.033917
0.052039 0.213112 -0.055535
0.053277 0.242312 -0.031376
-0.074468 0.169935 -0.149524
-0.074468 0.169935 -0.063535
0.0 0.169935 -0.020541
0.074468 0.169935 -0.063535
0.074468 0.169935 -0.149524
0.0 0.169935 -0.192518
0.016422 0.159474 -0.123671
0.007201 0.203249 -0.124739
0.006498 0.201644 -0.105289
0.015264 0.159095 -0.098483
0.015264 0.159095 -0.098483
0.006498 0.201644 -0.105289
-0.012804 0.198824 -0.106218
-0.00966 0.155453 -0.099683
-0.00966 0.155453 -0.099683
-0.012804 0.198824 -0.106218
-0.012102 0.200429 -0.125669
-0.008502 0.155833 -0.124871
-0.008502 0.155833 -0.124871
-0.012102 0.200429 -0.125669
0.007201 0.203249 -0.124739
0.016422 0.159474 -0.123671
0.015264 0.159095 -0.098483
-0.00966 0.155453 -0.099683
-0.008502 0.155833 -0.124871
0.016422 0.159474 -0.123671
0.006498 0.201644 -0.105289
0.007201 0.203249 -0.124739
0.004974 0.247262 -0.11159
0.005422 0.239788 -0.098221
-0.009723 0.237575 -0.09895
0.005422 0.239788 -0.098221
-0.011187 0.26335 -0.076429
-0.021785 0.261802 -0.07694
0.007201 0.203249 -0.124739
-0.012102 0.200429 -0.125669
-0.010171 0.245049 -0.11232
0.004974 0.247262 -0.11159
-0.012804 0.198824 -0.106218
0.006498 0.201644 -0.105289
0.005422 0.239788 -0.098221
-0.009723 0.237575 -0.09895
-0.012102 0.200429 -0.125669
-0.012804 0.198824 -0.106218
-0.009723 0.237575 -0.09895
-0.010171 0.245049 -0.11232
-0.022172 0.267454 -0.086044
-0.021785 0.261802 -0.07694
-0.015559 0.303941 -0.063779
-0.014991 0.302893 -0.07238
-0.010171 0.245049 -0.11232
-0.009723 0.237575 -0.09895
-0.021785 0.261802 -0.07694
-0.022172 0.267454 -0.086044
0.005422 0.239788 -0.098221
0.004974 0.247262 -0.11159
-0.011574 0.269002 -0.085533
-0.011187 0.26335 -0.076429
0.004974 0.247262 -0.11159
-0.010171 0.245049 -0.11232
-0.022172 0.267454 -0.086044
-0.011574 0.269002 -0.085533
-0.006409 0.304147 -0.071967
-0.014991 0.302893 -0.07238
-0.011101 0.337875 -0.09477
-0.002671 0.339106 -0.094364
-0.011187 0.26335 -0.076429
-0.011574 0.269002 -0.085533
-0.006409 0.304147 -0.071967
-0.006976 0.305194 -0.063366
-0.011574 0.269002 -0.085533
-0.022172 0.267454 -0.086044
-0.014991 0.302893 -0.07238
-0.006409 0.304147 -0.071967
-0.021785 0.261802 -0.07694
-0.011187 0.26335 -0.076429
-0.006976 0.305194 -0.063366
-0.015559 0.303941 -0.063779
-0.011101 0.337875 -0.09477
-0.012348 0.344836 -0.090001
-0.016943 0.350953 -0.124911
-0.015847 0.345015 -0.129646
-0.015559 0.303941 -0.063779
-0.006976 0.305194 -0.063366
-0.003917 0.346068 -0.089595
-0.012348 0.344836 -0.090001
-0.014991 0.302893 -0.07238
-0.015559 0.303941 -0.063779
-0.012348 0.344836 -0.090001
-0.011101 0.337875 -0.09477
-0.006976 0.305194 -0.063366
-0.006409 0.304147 -0.071967
-0.002671 0.339106 -0.094364
-0.003917 0.346068 -0.089595
-0.015847 0.345015 -0.129646
-0.016943 0.350953 -0.124911
-0.022147 0.374114 -0.13783
-0.021719 0.3724 -0.141516
-0.003917 0.346068 -0.089595
-0.002671 0.339106 -0.094364
-0.008262 0.346123 -0.129281
-0.009358 0.352061 -0.124546
-0.002671 0.339106 -0.094364
-0.011101 0.337875 -0.09477
-0.015847 0.345015 -0.129646
-0.008262 0.346123 -0.129281
-0.012348 0.344836 -0.090001
-0.003917 0.346068 -0.089595
-0.009358 0.352061 -0.124546
-0.016943 0.350953 -0.124911
-0.022147 0.374114 -0.13783
-0.017994 0.374251 -0.138609
-0.017792 0.373443 -0.140348
-0.021719 0.3724 -0.141516
-0.009358 0.352061 -0.124546
-0.008262 0.346123 -0.129281
-0.017792 0.373443 -0.140348
-0.017994 0.374251 -0.138609
-0.008262 0.346123 -0.129281
-0.015847 0.345015 -0.129646
-0.021719 0.3724 -0.141516
-0.017792 0.373443 -0.140348
-0.016943 0.350953 -0.124911
-0.009358 0.352061 -0.124546
-0.017994 0.374251 -0.138609
-0.022147 0.374114 -0.13783
-0.05046 0.136041 -0.010845
0.052206 0.199149 -0.023471
0.058792 0.215673 -0.03371
-0.050904 0.147497 -0.014567
0.053567 0.136041 -0.010845
0.05401 0.147497 -0.014567
-0.055685 0.215673 -0.03371
-0.0491 0.199149 -0.023471
-0.016376 0.246393 -0.017044
-0.027902 0.243144 -0.013696
-0.019264 0.232295 -0.006629
-0.014804 0.222913 -0.001522
-0.015821 0.26285 -0.053734
-0.047363 0.248108 -0.043873
-0.043822 0.246671 -0.027208
-0.017222 0.256255 -0.0296
-0.017222 0.256255 -0.0296
-0.043822 0.246671 -0.027208
-0.027902 0.243144 -0.013696
-0.016376 0.246393 -0.017044
-0.01542 0.269362 -0.079748
-0.037465 0.25808 -0.072633
-0.047363 0.248108 -0.043873
-0.015821 0.26285 -0.053734
-0.016376 0.246393 -0.017044
-0.014804 0.222913 -0.001522
-0.012198 0.23285 -0.00651
-0.003629 0.245407 -0.013121
-0.015821 0.26285 -0.053734
-0.017222 0.256255 -0.0296
0.01031 0.258166 -0.024742
0.015964 0.260498 -0.041458
-0.017222 0.256255 -0.0296
-0.016376 0.246393 -0.017044
-0.003629 0.245407 -0.013121
0.01031 0.258166 -0.024742
-0.01542 0.269362 -0.079748
-0.015821 0.26285 -0.053734
0.015964 0.260498 -0.041458
0.009254 0.265062 -0.070844
-0.069325 0.362178 -0.183553
-0.064596 0.358312 -0.194382
-0.077839 0.350181 -0.193509
-0.08655 0.342594 -0.194251
-0.040297 0.370991 -0.157151
-0.029161 0.354854 -0.187566
-0.043556 0.357176 -0.196496
-0.057737 0.369187 -0.175054
-0.057737 0.369187 -0.175054
-0.043556 0.357176 -0.196496
-0.064596 0.358312 -0.194382
-0.069325 0.362178 -0.183553
-0.020882 0.372223 -0.138689
-0.013476 0.360037 -0.160149
-0.029161 0.354854 -0.187566
-0.040297 0.370991 -0.157151
-0.069325 0.362178 -0.183553
-0.08655 0.342594 -0.194251
-0.082583 0.351584 -0.188433
-0.080928 0.36351 -0.177037
-0.040297 0.370991 -0.157151
-0.057737 0.369187 -0.175054
-0.079356 0.375279 -0.158298
-0.070953 0.374909 -0.142611
-0.057737 0.369187 -0.175054
-0.069325 0.362178 -0.183553
-0.080928 0.36351 -0.177037
-0.079356 0.375279 -0.158298
-0.020882 0.372223 -0.138689
-0.040297 0.370991 -0.157151
-0.070953 0.374909 -0.142611
-0.044798 0.372733 -0.1271
0.044323 0.299229 -0.109983
0.054298 0.301729 -0.102994
0.057177 0.287179 -0.107715
0.060611 0.276232 -0.109247
0.01158 0.318011 -0.096112
0.040661 0.319745 -0.074648
0.052074 0.314499 -0.086248
0.032825 0.309796 -0.106557
0.032825 0.309796 -0.106557
0.052074 0.314499 -0.086248
0.054298 0.301729 -0.102994
0.044323 0.299229 -0.109983
-0.010555 0.326906 -0.083855
0.010153 0.32725 -0.068527
0.040661 0.319745 -0.074648
0.01158 0.318011 -0.096112
0.044323 0.299229 -0.109983
0.060611 0.276232 -0.109247
0.053079 0.284123 -0.112624
0.040274 0.29151 -0.120126
0.01158 0.318011 -0.096112
0.032825 0.309796 -0.106557
0.020375 0.297075 -0.128201
0.003429 0.298518 -0.122948
0.032825 0.309796 -0.106557
0.044323 0.299229 -0.109983
0.040274 0.29151 -0.120126
0.020375 0.297075 -0.128201
-0.010555 0.326906 -0.083855
0.01158 0.318011 -0.096112
0.003429 0.298518 -0.122948
-0.016854 0.309739 -0.103147
-0.052754 0.140578 0.105492
-0.052754 0.134819 0.078473
-0.088271 0.103318 0.079675
-0.088271 0.101096 0.107212
-0.052754 0.140578 0.105492
0.001553 0.164777 0.105285
0.001553 0.159018 0.078266
-0.052754 0.134819 0.078473
-0.088271 0.101096 0.107212
-0.088271 0.103318 0.079675
-0.095597 0.019071 0.079921
-0.095597 0.01685 0.107458
0.055861 0.140578 0.105492
0.091378 0.101096 0.107212
0.091378 0.103318 0.079675
0.055861 0.134819 0.078473
0.055861 0.140578 0.105492
0.055861 0.134819 0.078473
0.001553 0.159018 0.078266
0.001553 0.164777 0.105285
0.091378 0.101096 0.107212
0.098704 0.01685 0.107458
0.098704 0.019071 0.079921
0.091378 0.103318 0.079675

no_normals
0.788005 0.5
0.846309 0.5
0.875 0.561092
0.875 0.625
0.788005 0.625
0.625 0.569241
0.661559 0.5
0.682591 0.5
0.682591 0.625
0.625 0.625
0.125 0.561092
0.152124 0.5
0.211995 0.5
0.211995 0.625
0.125 0.625
0.375 0.336995
0.625 0.336995
0.625 0.442409
0.375 0.442409
0.211995 0.5
0.317409 0.5
0.317409 0.625
0.211995 0.625
0.375 0.125
0.625 0.125
0.625 0.188908
0.375 0.188908
0.682591 0.5
0.788005 0.5
0.788005 0.625
0.682591 0.625
0.375 0.442409
0.625 0.442409
0.625 0.463441
0.375 0.465542
0.317409 0.5
0.340542 0.5
0.375 0.569241
0.375 0.625
0.317409 0.625
0.625 0.278691
0.375 0.277124
0.375 0.188908
0.625 0.188908
0.375 0.277124
0.625 0.278691
0.625 0.336995
0.375 0.336995
0.625 0.569241
0.375 0.569241
0.375 0.465542
0.625 0.463441
0.375 0.569241
0.625 0.569241
0.625 0.625
0.375 0.625
0.788005 0.5
0.788005 0.625
0.875 0.625
0.875 0.561092
0.846309 0.5
0.625 0.569241
0.625 0.625
0.682591 0.625
0.682591 0.5
0.661559 0.5
0.125 0.561092
0.125 0.625
0.211995 0.625
0.211995 0.5
0.152124 0.5
0.375 0.336995
0.375 0.442409
0.625 0.442409
0.625 0.336995
0.211995 0.5
0.211995 0.625
0.317409 0.625
0.317409 0.5
0.375 0.125
0.375 0.188908
0.625 0.188908
0.625 0.125
0.682591 0.5
0.682591 0.625
0.788005 0.625
0.788005 0.5
0.375 0.442409
0.375 0.465542
0.625 0.463441
0.625 0.442409
0.317409 0.5
0.317409 0.625
0.375 0.625
0.375 0.569241
0.340542 0.5
0.625 0.278691
0.625 0.188908
0.375 0.188908
0.375 0.277124
0.375 0.277124
0.375 0.336995
0.625 0.336995
0.625 0.278691
0.625 0.569241
0.625 0.463441
0.375 0.465542
0.375 0.569241
0.375 0.569241
0.375 0.625
0.625 0.625
0.625 0.569241
0.0 0.0
0.0 1.0
0.0 1.0
0.0 0.0
0.0 0.0
0.5 0.0
0.5 1.0
0.0 1.0
0.0 0.0
0.0 1.0
0.0 1.0
0.0 0.0
0.0 0.0
0.0 1.0
0.0 1.0
0.0 0.0
0.0 0.0
0.0 1.0
0.0 1.0
0.0 0.0
0.0 1.0
0.5 1.0
0.5 1.0
0.0 1.0
0.0 1.0
0.0 1.0
0.0 1.0
0.0 1.0
0.5 1.0
0.5 1.0
0.0 1.0
0.0 0.0
0.0 0.0
0.0 0.0
0.0 0.0
0.0 0.0
0.0 0.0
0.0 0.0
0.0 0.0
0.0 0.0
0.0 0.0
0.0 0.0
0.0 0.0
0.0 1.0
0.0 1.0
0.5 1.0
0.5 1.0
0.0 1.0
0.0 1.0
0.0 1.0
0.0 1.0
0.0 1.0
0.0 1.0
0.0 1.0
0.0 1.0
0.0 1.0
0.0 1.0
0.0 1.0
0.0 1.0
0.0 1.0
0.0 1.0
0.0 1.0
0.0 1.0
0.0 1.0
0.0 1.0
0.0 1.0
0.0 1.0
0.0 0.0
0.0 0.0
0.0 0.0
0.0 0.0
0.0 1.0
0.0 1.0
0.0 1.0
0.0 1.0
0.0 0.0
0.0 0.0
0.0 0.0
0.0 0.0
0.0 0.0
0.0 0.0
0.0 0.0
0.0 0.0
0.0 0.0
0.0 0.0
0.0 0.0
0.0 0.0
0.0 1.0
0.0 1.0
0.0 1.0
0.0 0.0
0.0 0.0
0.0 0.0
0.0 0.0
0.0 0.0
0.0 1.0
0.0 1.0
0.0 0.0
0.0 1.0
0.5 1.0
0.5 0.0
0.0 0.0
0.0 0.0
0.0 1.0
0.0 1.0
0.0 0.0
0.0 0.0
0.0 1.0
0.0 1.0
0.0 0.0
0.0 0.0
0.0 1.0
0.0 1.0
0.0 1.0
0.0 1.0
0.5 1.0
0.5 1.0
0.0 1.0
0.0 1.0
0.0 1.0
0.0 1.0
0.0 1.0
0.5 1.0
0.5 1.0
0.0 0.0
0.0 0.0
0.0 0.0
0.0 0.0
0.0 0.0
0.0 0.0
0.0 0.0
0.0 0.0
0.0 0.0
0.0 0.0
0.0 0.0
0.0 0.0
0.0 1.0
0.5 1.0
0.5 1.0
0.0 1.0
0.0 1.0
0.0 1.0
0.0 1.0
0.0 1.0
0.0 1.0
0.0 1.0
0.0 1.0
0.0 1.0
0.0 1.0
0.0 1.0
0.0 1.0
0.0 1.0
0.0 1.0
0.0 1.0
0.0 1.0
0.0 1.0
0.0 1.0
0.0 1.0
0.0 1.0
0.0 1.0
0.0 0.0
0.0 0.0
0.0 0.0
0.0 0.0
0.0 1.0
0.0 1.0
0.0 1.0
0.0 1.0
0.0 0.0
0.0 0.0
0.0 0.0
0.0 0.0
0.0 0.0
0.0 0.0
0.0 0.0
0.0 0.0
0.0 0.0
0.0 0.0
0.0 0.0
0.0 0.0
0.0 1.0
0.0 1.0
0.0 1.0
0.0 0.0
0.0 0.0
0.0 0.0
0.0 0.0
0.0 0.0
0.0 0.0
0.0 0.0
0.0 0.0
0.0 0.0
0.0 0.0
0.0 0.0
0.0 0.0
0.0 0.0
0.0 0.0
0.0 0.0
0.0 1.0
0.0 1.0
0.5 1.0
0.5 1.0
0.0 1.0
0.0 1.0
0.5 1.0
0.5 1.0
0.0 1.0
0.0 1.0
0.5 1.0
0.5 1.0
0.0 0.0
0.0 0.0
0.0 0.0
0.0 0.0
0.0 0.0
0.0 0.0
0.0 0.0
0.0 0.0
0.0 0.0
0.0 0.0
0.0 0.0
0.0 0.0
0.0 0.0
0.0 0.0
0.0 0.0
0.0 0.0
0.0 0.0
0.0 0.0
0.0 0.0
0.0 0.0
0.0 0.0
0.0 0.0
0.0 0.0
0.0 0.0
0.0 0.0
0.0 0.0
0.0 0.0
0.0 0.0
0.0 1.0
0.5 1.0
0.5 1.0
0.0 1.0
0.0 1.0
0.5 1.0
0.5 1.0
0.0 1.0
0.0 1.0
0.5 1.0
0.5 1.0
0.0 1.0
0.0 0.0
0.0 0.0
0.0 0.0
0.0 0.0
0.0 0.0
0.0 0.0
0.0 0.0
0.0 0.0
0.0 0.0
0.0 0.0
0.0 0.0
0.0 0.0
0.0 0.0
0.0 0.0
0.0 0.0
0.0 0.0
0.0 0.0
0.0 0.0
0.0 0.0
0.0 0.0
0.0 0.0
0.0 0.0
0.375 0.0
0.625 0.0
0.625 0.25
0.375 0.25
0.375 0.25
0.625 0.25
0.625 0.5
0.375 0.5
0.375 0.5
0.625 0.5
0.625 0.75
0.375 0.75
0.375 0.75
0.625 0.75
0.625 1.0
0.375 1.0
0.125 0.5
0.375 0.5
0.375 0.75
0.125 0.75
0.625 0.25
0.625 0.0
0.625 0.0
0.625 0.25
0.625 0.5
0.625 0.25
0.625 0.25
0.625 0.5
0.625 1.0
0.625 0.75
0.625 0.75
0.625 1.0
0.625 0.5
0.625 0.25
0.625 0.25
0.625 0.5
0.625 0.75
0.625 0.5
0.625 0.5
0.625 0.75
0.625 0.75
0.625 0.5
0.625 0.5
0.625 0.75
0.625 0.75
0.625 0.5
0.625 0.5
0.625 0.75
0.625 0.25
0.625 0.0
0.625 0.0
0.625 0.25
0.625 1.0
0.625 0.75
0.625 0.75
0.625 1.0
0.625 1.0
0.625 0.75
0.625 0.75
0.625 1.0
0.625 0.25
0.625 0.0
0.625 0.0
0.625 0.25
0.625 1.0
0.625 0.75
0.625 0.75
0.625 1.0
0.625 0.5
0.625 0.25
0.625 0.25
0.625 0.5
0.625 0.75
0.625 0.5
0.625 0.5
0.625 0.75
0.625 0.5
0.625 0.25
0.625 0.25
0.625 0.5
0.625 0.75
0.625 0.5
0.625 0.5
0.625 0.75
0.625 0.25
0.625 0.0
0.625 0.0
0.625 0.25
0.625 0.75
0.625 0.5
0.625 0.5
0.625 0.75
0.625 0.25
0.625 0.0
0.625 0.0
0.625 0.25
0.625 1.0
0.625 0.75
0.625 0.75
0.625 1.0
0.625 0.5
0.625 0.25
0.625 0.25
0.625 0.5
0.625 0.5
0.875 0.5
0.875 0.75
0.625 0.75
0.625 0.25
0.625 0.0
0.625 0.0
0.625 0.25
0.625 1.0
0.625 0.75
0.625 0.75
0.625 1.0
0.625 0.5
0.625 0.25
0.625 0.25
0.625 0.5
0.0 0.0
1.0 0.0
1.0 1.0
0.0 1.0
0.0 0.0
0.0 1.0
1.0 1.0
1.0 0.0
0.5 0.875
1.0 0.875
1.0 1.0
0.5 1.0
0.5 0.5
1.0 0.5
1.0 0.75
0.5 0.75
0.5 0.75
1.0 0.75
1.0 0.875
0.5 0.875
0.5 0.0
1.0 0.0
1.0 0.5
0.5 0.5
0.5 0.875
0.5 1.0
1.0 1.0
1.0 0.875
0.5 0.5
0.5 0.75
1.0 0.75
1.0 0.5
0.5 0.75
0.5 0.875
1.0 0.875
1.0 0.75
0.5 0.0
0.5 0.5
1.0 0.5
1.0 0.0
0.5 0.875
1.0 0.875
1.0 1.0
0.5 1.0
0.5 0.5
1.0 0.5
1.0 0.75
0.5 0.75
0.5 0.75
1.0 0.75
1.0 0.875
0.5 0.875
0.5 0.0
1.0 0.0
1.0 0.5
0.5 0.5
0.5 0.875
0.5 1.0
1.0 1.0
1.0 0.875
0.5 0.5
0.5 0.75
1.0 0.75
1.0 0.5
0.5 0.75
0.5 0.875
1.0 0.875
1.0 0.75
0.5 0.0
0.5 0.5
1.0 0.5
1.0 0.0
0.5 0.875
1.0 0.875
1.0 1.0
0.5 1.0
0.5 0.5
1.0 0.5
1.0 0.75
0.5 0.75
0.5 0.75
1.0 0.75
1.0 0.875
0.5 0.875
0.5 0.0
1.0 0.0
1.0 0.5
0.5 0.5
0.5 0.875
0.5 1.0
1.0 1.0
1.0 0.875
0.5 0.5
0.5 0.75
1.0 0.75
1.0 0.5
0.5 0.75
0.5 0.875
1.0 0.875
1.0 0.75
0.5 0.0
0.5 0.5
1.0 0.5
1.0 0.0
0.0 0.0
0.0 1.0
0.0 1.0
0.0 0.0
0.0 0.0
0.5 0.0
0.5 1.0
0.0 1.0
0.0 0.0
0.0 1.0
0.0 1.0
0.0 0.0
0.0 0.0
0.0 0.0
0.0 1.0
0.0 1.0
0.0 0.0
0.0 1.0
0.5 1.0
0.5 0.0
0.0 0.0
0.0 0.0
0.0 1.0
0.0 1.0

0.512712 0.551342 0.635096 1.0
0.512712 0.551342 0.635096 1.0
0.512712 0.551342 0.635096 1.0
0.512712 0.551342 0.635096 1.0
0.512712 0.551342 0.635096 1.0
0.512712 0.551342 0.635096 1.0
0.512712 0.551342 0.635096 1.0
0.512712 0.551342 0.635096 1.0
0.512712 0.551342 0.635096 1.0
0.512712 0.551342 0.635096 1.0
0.512712 0.551342 0.635096 1.0
0.512712 0.551342 0.635096 1.0
0.512712 0.551342 0.635096 1.0
0.512712 0.551342 0.635096 1.0
0.512712 0.551342 0.635096 1.0
0.512712 0.551342 0.635096 1.0
0.512712 0.551342 0.635096 1.0
0.512712 0.551342 0.635096 1.0
0.512712 0.551342 0.635096 1.0
0.512712 0.551342 0.635096 1.0
0.512712 0.551342 0.635096 1.0
0.512712 0.551342 0.635096 1.0
0.512712 0.551342 0.635096 1.0
0.512712 0.551342 0.635096 1.0
0.512712 0.551342 0.635096 1.0
0.512712 0.551342 0.635096 1.0
0.512712 0.551342 0.635096 1.0
0.512712 0.551342 0.635096 1.0
0.512712 0.551342 0.635096 1.0
0.512712 0.551342 0.635096 1.0
0.512712 0.551342 0.635096 1.0
0.512712 0.551342 0.635096 1.0
0.512712 0.551342 0.635096 1.0
0.512712 0.551342 0.635096 1.0
0.512712 0.551342 0.635096 1.0
0.512712 0.551342 0.635096 1.0
0.512712 0.551342 0.635096 1.0
0.512712 0.551342 0.635096 1.0
0.512712 0.551342 0.635096 1.0
0.512712 0.551342 0.635096 1.0
0.512712 0.551342 0.635096 1.0
0.512712 0.551342 0.635096 1.0
0.512712 0.551342 0.635096 1.0
0.512712 0.551342 0.635096 1.0
0.512712 0.551342 0.635096 1.0
0.512712 0.551342 0.635096 1.0
0.512712 0.551342 0.635096 1.0
0.512712 0.551342 0.635096 1.0
0.512712 0.551342 0.635096 1.0
0.512712 0.551342 0.635096 1.0
0.512712 0.551342 0.635096 1.0
0.512712 0.551342 0.635096 1.0
0.512712 0.551342 0.635096 1.0
0.512712 0.551342 0.635096 1.0
0.512712 0.551342 0.635096 1.0
0.512712 0.551342 0.635096 1.0
0.512712 0.551342 0.635096 1.0
0.512712 0.551342 0.635096 1.0
0.512712 0.551342 0.635096 1.0
0.512712 0.551342 0.635096 1.0
0.512712 0.551342 0.635096 1.0
0.512712 0.551342 0.635096 1.0
0.512712 0.551342 0.635096 1.0
0.512712 0.551342 0.635096 1.0
0.512712 0.551342 0.635096 1.0
0.512712 0.551342 0.635096 1.0
0.512712 0.551342 0.635096 1.0
0.512712 0.551342 0.635096 1.0
0.512712 0.551342 0.635096 1.0
0.512712 0.551342 0.635096 1.0
0.512712 0.551342 0.635096 1.0
0.512712 0.551342 0.635096 1.0
0.512712 0.551342 0.635096 1.0
0.512712 0.551342 0.635096 1.0
0.512712 0.551342 0.635096 1.0
0.512712 0.551342 0.635096 1.0
0.512712 0.551342 0.635096 1.0
0.512712 0.551342 0.635096 1.0
0.512712 0.551342 0.635096 1.0
0.512712 0.551342 0.635096 1.0
0.512712 0.551342 0.635096 1.0
0.512712 0.551342 0.635096 1.0
0.512712 0.551342 0.635096 1.0
0.512712 0.551342 0.635096 1.0
0.512712 0.551342 0.635096 1.0
0.512712 0.551342 0.635096 1.0
0.512712 0.551342 0.635096 1.0
0.512712 0.551342 0.635096 1.0
0.512712 0.551342 0.635096 1.0
0.512712 0.551342 0.635096 1.0
0.512712 0.551342 0.635096 1.0
0.512712 0.551342 0.635096 1.0
0.512712 0.551342 0.635096 1.0
0.512712 0.551342 0.635096 1.0
0.512712 0.551342 0.635096 1.0
0.512712 0.551342 0.635096 1.0
0.512712 0.551342 0.635096 1.0
0.512712 0.551342 0.635096 1.0
0.512712 0.551342 0.635096 1.0
0.512712 0.551342 0.635096 1.0
0.512712 0.551342 0.635096 1.0
0.512712 0.551342 0.635096 1.0
0.512712 0.551342 0.635096 1.0
0.512712 0.551342 0.635096 1.0
0.512712 0.551342 0.635096 1.0
0.512712 0.551342 0.635096 1.0
0.512712 0.551342 0.635096 1.0
0.512712 0.551342 0.635096 1.0
0.512712 0.551342 0.635096 1.0
0.512712 0.551342 0.635096 1.0
0.512712 0.551342 0.635096 1.0
0.512712 0.551342 0.635096 1.0
0.97583 0.594428 0.027558 1.0
0.97583 0.594428 0.027558 1.0
0.97583 0.594428 0.027558 1.0
0.97583 0.594428 0.027558 1.0
0.97583 0.594428 0.027558 1.0
0.97583 0.594428 0.027558 1.0
0.97583 0.594428 0.027558 1.0
0.97583 0.594428 0.027558 1.0
0.97583 0.594428 0.027558 1.0
0.97583 0.594428 0.027558 1.0
0.97583 0.594428 0.027558 1.0
0.97583 0.594428 0.027558 1.0
0.97583 0.594428 0.027558 1.0
0.97583 0.594428 0.027558 1.0
0.97583 0.594428 0.027558 1.0
0.97583 0.594428 0.027558 1.0
0.97583 0.594428 0.027558 1.0
0.97583 0.594428 0.027558 1.0
0.97583 0.594428 0.027558 1.0
0.97583 0.594428 0.027558 1.0
0.97583 0.594428 0.027558 1.0
0.97583 0.594428 0.027558 1.0
0.97583 0.594428 0.027558 1.0
0.97583 0.594428 0.027558 1.0
0.97583 0.594428 0.027558 1.0
0.97583 0.594428 0.027558 1.0
0.97583 0.594428 0.027558 1.0
0.97583 0.594428 0.027558 1.0
0.97583 0.594428 0.027558 1.0
0.97583 0.594428 0.027558 1.0
0.97583 0.594428 0.027558 1.0
0.97583 0.594428 0.027558 1.0
0.97583 0.594428 0.027558 1.0
0.97583 0.594428 0.027558 1.0
0.97583 0.594428 0.027558 1.0
0.97583 0.594428 0.027558 1.0
0.97583 0.594428 0.027558 1.0
0.97583 0.594428 0.027558 1.0
0.97583 0.594428 0.027558 1.0
0.97583 0.594428 0.027558 1.0
0.97583 0.594428 0.027558 1.0
0.97583 0.594428 0.027558 1.0
0.97583 0.594428 0.027558 1.0
0.97583 0.594428 0.027558 1.0
0.97583 0.594428 0.027558 1.0
0.97583 0.594428 0.027558 1.0
0.97583 0.594428 0.027558 1.0
0.97583 0.594428 0.027558 1.0
0.97583 0.594428 0.027558 1.0
0.97583 0.594428 0.027558 1.0
0.97583 0.594428 0.027558 1.0
0.97583 0.594428 0.027558 1.0
0.97583 0.594428 0.027558 1.0
0.97583 0.594428 0.027558 1.0
0.97583 0.594428 0.027558 1.0
0.97583 0.594428 0.027558 1.0
0.97583 0.594428 0.027558 1.0
0.97583 0.594428 0.027558 1.0
0.97583 0.594428 0.027558 1.0
0.97583 0.594428 0.027558 1.0
0.97583 0.594428 0.027558 1.0
0.97583 0.594428 0.027558 1.0
0.97583 0.594428 0.027558 1.0
0.97583 0.594428 0.027558 1.0
0.97583 0.594428 0.027558 1.0
0.97583 0.594428 0.027558 1.0
0.97583 0.594428 0.027558 1.0
0.97583 0.594428 0.027558 1.0
0.97583 0.594428 0.027558 1.0
0.97583 0.594428 0.027558 1.0
0.97583 0.594428 0.027558 1.0
0.97583 0.594428 0.027558 1.0
0.97583 0.594428 0.027558 1.0
0.97583 0.594428 0.027558 1.0
0.97583 0.594428 0.027558 1.0
0.97583 0.594428 0.027558 1.0
0.97583 0.594428 0.027558 1.0
0.97583 0.594428 0.027558 1.0
0.97583 0.594428 0.027558 1.0
0.97583 0.594428 0.027558 1.0
0.97583 0.594428 0.027558 1.0
0.97583 0.594428 0.027558 1.0
0.97583 0.594428 0.027558 1.0
0.97583 0.594428 0.027558 1.0
0.97583 0.594428 0.027558 1.0
0.97583 0.594428 0.027558 1.0
0.97583 0.594428 0.027558 1.0
0.97583 0.594428 0.027558 1.0
0.97583 0.594428 0.027558 1.0
0.97583 0.594428 0.027558 1.0
0.97583 0.594428 0.027558 1.0
0.97583 0.594428 0.027558 1.0
0.97583 0.594428 0.027558 1.0
0.97583 0.594428 0.027558 1.0
0.97583 0.594428 0.027558 1.0
0.97583 0.594428 0.027558 1.0
0.97583 0.594428 0.027558 1.0
0.97583 0.594428 0.027558 1.0
0.97583 0.594428 0.027558 1.0
0.97583 0.594428 0.027558 1.0
0.97583 0.594428 0.027558 1.0
0.97583 0.594428 0.027558 1.0
0.97583 0.594428 0.027558 1.0
0.97583 0.594428 0.027558 1.0
0.97583 0.594428 0.027558 1.0
0.97583 0.594428 0.027558 1.0
0.97583 0.594428 0.027558 1.0
0.97583 0.594428 0.027558 1.0
0.97583 0.594428 0.027558 1.0
0.97583 0.594428 0.027558 1.0
0.97583 0.594428 0.027558 1.0
0.97583 0.594428 0.027558 1.0
0.97583 0.594428 0.027558 1.0
0.97583 0.594428 0.027558 1.0
0.97583 0.594428 0.027558 1.0
0.97583 0.594428 0.027558 1.0
0.97583 0.594428 0.027558 1.0
0.97583 0.594428 0.027558 1.0
0.97583 0.594428 0.027558 1.0
0.97583 0.594428 0.027558 1.0
0.97583 0.594428 0.027558 1.0
0.97583 0.594428 0.027558 1.0
0.97583 0.594428 0.027558 1.0
0.97583 0.594428 0.027558 1.0
0.97583 0.594428 0.027558 1.0
0.97583 0.594428 0.027558 1.0
0.97583 0.594428 0.027558 1.0
0.97583 0.594428 0.027558 1.0
0.97583 0.594428 0.027558 1.0
0.97583 0.594428 0.027558 1.0
0.97583 0.594428 0.027558 1.0
0.97583 0.594428 0.027558 1.0
0.97583 0.594428 0.027558 1.0
0.97583 0.594428 0.027558 1.0
0.97583 0.594428 0.027558 1.0
0.97583 0.594428 0.027558 1.0
0.97583 0.594428 0.027558 1.0
0.97583 0.594428 0.027558 1.0
0.97583 0.594428 0.027558 1.0
0.97583 0.594428 0.027558 1.0
0.97583 0.594428 0.027558 1.0
0.97583 0.594428 0.027558 1.0
0.97583 0.594428 0.027558 1.0
0.97583 0.594428 0.027558 1.0
0.97583 0.594428 0.027558 1.0
0.97583 0.594428 0.027558 1.0
0.97583 0.594428 0.027558 1.0
0.97583 0.594428 0.027558 1.0
0.97583 0.594428 0.027558 1.0
0.97583 0.594428 0.027558 1.0
0.97583 0.594428 0.027558 1.0
0.97583 0.594428 0.027558 1.0
0.97583 0.594428 0.027558 1.0
0.97583 0.594428 0.027558 1.0
0.97583 0.594428 0.027558 1.0
0.97583 0.594428 0.027558 1.0
0.97583 0.594428 0.027558 1.0
0.97583 0.594428 0.027558 1.0
0.97583 0.594428 0.027558 1.0
0.97583 0.594428 0.027558 1.0
0.97583 0.594428 0.027558 1.0
0.97583 0.594428 0.027558 1.0
0.97583 0.594428 0.027558 1.0
0.97583 0.594428 0.027558 1.0
0.97583 0.594428 0.027558 1.0
0.97583 0.594428 0.027558 1.0
0.97583 0.594428 0.027558 1.0
0.97583 0.594428 0.027558 1.0
0.97583 0.594428 0.027558 1.0
0.97583 0.594428 0.027558 1.0
0.97583 0.594428 0.027558 1.0
0.97583 0.594428 0.027558 1.0
0.97583 0.594428 0.027558 1.0
0.97583 0.594428 0.027558 1.0
0.97583 0.594428 0.027558 1.0
0.97583 0.594428 0.027558 1.0
0.97583 0.594428 0.027558 1.0
0.97583 0.594428 0.027558 1.0
0.97583 0.594428 0.027558 1.0
0.97583 0.594428 0.027558 1.0
0.97583 0.594428 0.027558 1.0
0.97583 0.594428 0.027558 1.0
0.97583 0.594428 0.027558 1.0
0.97583 0.594428 0.027558 1.0
0.97583 0.594428 0.027558 1.0
0.97583 0.594428 0.027558 1.0
0.97583 0.252099 0.044098 1.0
0.97583 0.252099 0.044098 1.0
0.97583 0.252099 0.044098 1.0
0.97583 0.252099 0.044098 1.0
0.97583 0.252099 0.044098 1.0
0.97583 0.252099 0.044098 1.0
0.97583 0.252099 0.044098 1.0
0.97583 0.252099 0.044098 1.0
0.97583 0.252099 0.044098 1.0
0.97583 0.252099 0.044098 1.0
0.97583 0.252099 0.044098 1.0
0.97583 0.252099 0.044098 1.0
0.97583 0.252099 0.044098 1.0
0.97583 0.252099 0.044098 1.0
0.97583 0.252099 0.044098 1.0
0.97583 0.252099 0.044098 1.0
0.97583 0.252099 0.044098 1.0
0.97583 0.252099 0.044098 1.0
0.97583 0.252099 0.044098 1.0
0.97583 0.252099 0.044098 1.0
0.97583 0.252099 0.044098 1.0
0.97583 0.252099 0.044098 1.0
0.97583 0.252099 0.044098 1.0
0.97583 0.252099 0.044098 1.0
0.97583 0.252099 0.044098 1.0
0.97583 0.252099 0.044098 1.0
0.97583 0.252099 0.044098 1.0
0.97583 0.252099 0.044098 1.0
0.97583 0.252099 0.044098 1.0
0.97583 0.252099 0.044098 1.0
0.97583 0.252099 0.044098 1.0
0.97583 0.252099 0.044098 1.0
0.97583 0.252099 0.044098 1.0
0.97583 0.252099 0.044098 1.0
0.97583 0.252099 0.044098 1.0
0.97583 0.252099 0.044098 1.0
0.97583 0.252099 0.044098 1.0
0.97583 0.252099 0.044098 1.0
0.97583 0.252099 0.044098 1.0
0.97583 0.252099 0.044098 1.0
0.97583 0.252099 0.044098 1.0
0.97583 0.252099 0.044098 1.0
0.97583 0.252099 0.044098 1.0
0.97583 0.252099 0.044098 1.0
0.97583 0.252099 0.044098 1.0
0.97583 0.252099 0.044098 1.0
0.97583 0.252099 0.044098 1.0
0.97583 0.252099 0.044098 1.0
0.97583 0.252099 0.044098 1.0
0.97583 0.252099 0.044098 1.0
0.97583 0.252099 0.044098 1.0
0.97583 0.252099 0.044098 1.0
0.97583 0.252099 0.044098 1.0
0.97583 0.252099 0.044098 1.0
0.97583 0.252099 0.044098 1.0
0.97583 0.252099 0.044098 1.0
0.97583 0.252099 0.044098 1.0
0.97583 0.252099 0.044098 1.0
0.97583 0.252099 0.044098 1.0
0.97583 0.252099 0.044098 1.0
0.97583 0.252099 0.044098 1.0
0.97583 0.252099 0.044098 1.0
0.97583 0.252099 0.044098 1.0
0.97583 0.252099 0.044098 1.0
0.97583 0.252099 0.044098 1.0
0.97583 0.252099 0.044098 1.0
0.97583 0.252099 0.044098 1.0
0.97583 0.252099 0.044098 1.0
0.97583 0.252099 0.044098 1.0
0.97583 0.252099 0.044098 1.0
0.97583 0.252099 0.044098 1.0
0.97583 0.252099 0.044098 1.0
0.97583 0.252099 0.044098 1.0
0.97583 0.252099 0.044098 1.0
0.97583 0.252099 0.044098 1.0
0.97583 0.252099 0.044098 1.0
0.97583 0.252099 0.044098 1.0
0.97583 0.252099 0.044098 1.0
0.97583 0.252099 0.044098 1.0
0.97583 0.252099 0.044098 1.0
0.242276 0.106715 0.018553 1.0
0.242276 0.106715 0.018553 1.0
0.242276 0.106715 0.018553 1.0
0.242276 0.106715 0.018553 1.0
0.242276 0.106715 0.018553 1.0
0.242276 0.106715 0.018553 1.0
0.221722 0.679499 0.066245 1.0
0.221722 0.679499 0.066245 1.0
0.221722 0.679499 0.066245 1.0
0.221722 0.679499 0.066245 1.0
0.221722 0.679499 0.066245 1.0
0.221722 0.679499 0.066245 1.0
0.221722 0.679499 0.066245 1.0
0.221722 0.679499 0.066245 1.0
0.221722 0.679499 0.066245 1.0
0.221722 0.679499 0.066245 1.0
0.221722 0.679499 0.066245 1.0
0.221722 0.679499 0.066245 1.0
0.221722 0.679499 0.066245 1.0
0.221722 0.679499 0.066245 1.0
0.221722 0.679499 0.066245 1.0
0.221722 0.679499 0.066245 1.0
0.221722 0.679499 0.066245 1.0
0.221722 0.679499 0.066245 1.0
0.221722 0.679499 0.066245 1.0
0.221722 0.679499 0.066245 1.0
0.221722 0.679499 0.066245 1.0
0.221722 0.679499 0.066245 1.0
0.221722 0.679499 0.066245 1.0
0.221722 0.679499 0.066245 1.0
0.221722 0.679499 0.066245 1.0
0.221722 0.679499 0.066245 1.0
0.221722 0.679499 0.066245 1.0
0.221722 0.679499 0.066245 1.0
0.221722 0.679499 0.066245 1.0
0.221722 0.679499 0.066245 1.0
0.221722 0.679499 0.066245 1.0
0.221722 0.679499 0.066245 1.0
0.221722 0.679499 0.066245 1.0
0.221722 0.679499 0.066245 1.0
0.221722 0.679499 0.066245 1.0
0.221722 0.679499 0.066245 1.0
0.221722 0.679499 0.066245 1.0
0.221722 0.679499 0.066245 1.0
0.221722 0.679499 0.066245 1.0
0.221722 0.679499 0.066245 1.0
0.221722 0.679499 0.066245 1.0
0.221722 0.679499 0.066245 1.0
0.221722 0.679499 0.066245 1.0
0.221722 0.679499 0.066245 1.0
0.221722 0.679499 0.066245 1.0
0.221722 0.679499 0.066245 1.0
0.221722 0.679499 0.066245 1.0
0.221722 0.679499 0.066245 1.0
0.221722 0.679499 0.066245 1.0
0.221722 0.679499 0.066245 1.0
0.221722 0.679499 0.066245 1.0
0.221722 0.679499 0.066245 1.0
0.221722 0.679499 0.066245 1.0
0.221722 0.679499 0.066245 1.0
0.221722 0.679499 0.066245 1.0
0.221722 0.679499 0.066245 1.0
0.221722 0.679499 0.066245 1.0
0.221722 0.679499 0.066245 1.0
0.221722 0.679499 0.066245 1.0
0.221722 0.679499 0.066245 1.0
0.221722 0.679499 0.066245 1.0
0.221722 0.679499 0.066245 1.0
0.221722 0.679499 0.066245 1.0
0.221722 0.679499 0.066245 1.0
0.221722 0.679499 0.066245 1.0
0.221722 0.679499 0.066245 1.0
0.221722 0.679499 0.066245 1.0
0.221722 0.679499 0.066245 1.0
0.221722 0.679499 0.066245 1.0
0.221722 0.679499 0.066245 1.0
0.221722 0.679499 0.066245 1.0
0.221722 0.679499 0.066245 1.0
0.221722 0.679499 0.066245 1.0
0.221722 0.679499 0.066245 1.0
0.221722 0.679499 0.066245 1.0
0.221722 0.679499 0.066245 1.0
0.221722 0.679499 0.066245 1.0
0.221722 0.679499 0.066245 1.0
0.221722 0.679499 0.066245 1.0
0.221722 0.679499 0.066245 1.0
0.221722 0.679499 0.066245 1.0
0.221722 0.679499 0.066245 1.0
0.221722 0.679499 0.066245 1.0
0.221722 0.679499 0.066245 1.0
0.221722 0.679499 0.066245 1.0
0.221722 0.679499 0.066245 1.0
0.221722 0.679499 0.066245 1.0
0.221722 0.679499 0.066245 1.0
0.221722 0.679499 0.066245 1.0
0.221722 0.679499 0.066245 1.0
0.221722 0.679499 0.066245 1.0
0.221722 0.679499 0.066245 1.0
0.221722 0.679499 0.066245 1.0
0.221722 0.679499 0.066245 1.0
0.221722 0.679499 0.066245 1.0
0.221722 0.679499 0.066245 1.0
0.221722 0.679499 0.066245 1.0
0.221722 0.679499 0.066245 1.0
0.221722 0.679499 0.066245 1.0
0.221722 0.679499 0.066245 1.0
0.221722 0.679499 0.066245 1.0
0.221722 0.679499 0.066245 1.0
0.221722 0.679499 0.066245 1.0
0.221722 0.679499 0.066245 1.0
0.221722 0.679499 0.066245 1.0
0.221722 0.679499 0.066245 1.0
0.221722 0.679499 0.066245 1.0
0.221722 0.679499 0.066245 1.0
0.221722 0.679499 0.066245 1.0
0.221722 0.679499 0.066245 1.0
0.221722 0.679499 0.066245 1.0
0.221722 0.679499 0.066245 1.0
0.221722 0.679499 0.066245 1.0
0.221722 0.679499 0.066245 1.0
0.221722 0.679499 0.066245 1.0
0.221722 0.679499 0.066245 1.0
0.221722 0.679499 0.066245 1.0
0.221722 0.679499 0.066245 1.0
0.221722 0.679499 0.066245 1.0
0.221722 0.679499 0.066245 1.0
1.0 0.08167 0.047281 1.0
1.0 0.08167 0.047281 1.0
1.0 0.08167 0.047281 1.0
1.0 0.08167 0.047281 1.0
1.0 0.08167 0.047281 1.0
1.0 0.08167 0.047281 1.0
1.0 0.08167 0.047281 1.0
1.0 0.08167 0.047281 1.0
0.063911 0.448743 0.052166 1.0
0.063911 0.448743 0.052166 1.0
0.063911 0.448743 0.052166 1.0
0.063911 0.448743 0.052166 1.0
0.063911 0.448743 0.052166 1.0
0.063911 0.448743 0.052166 1.0
0.063911 0.448743 0.052166 1.0
0.063911 0.448743 0.052166 1.0
0.063911 0.448743 0.052166 1.0
0.063911 0.448743 0.052166 1.0
0.063911 0.448743 0.052166 1.0
0.063911 0.448743 0.052166 1.0
0.063911 0.448743 0.052166 1.0
0.063911 0.448743 0.052166 1.0
0.063911 0.448743 0.052166 1.0
0.063911 0.448743 0.052166 1.0
0.063911 0.448743 0.052166 1.0
0.063911 0.448743 0.052166 1.0
0.063911 0.448743 0.052166 1.0
0.063911 0.448743 0.052166 1.0
0.063911 0.448743 0.052166 1.0
0.063911 0.448743 0.052166 1.0
0.063911 0.448743 0.052166 1.0
0.063911 0.448743 0.052166 1.0
0.063911 0.448743 0.052166 1.0
0.063911 0.448743 0.052166 1.0
0.063911 0.448743 0.052166 1.0
0.063911 0.448743 0.052166 1.0
0.063911 0.448743 0.052166 1.0
0.063911 0.448743 0.052166 1.0
0.063911 0.448743 0.052166 1.0
0.063911 0.448743 0.052166 1.0
0.063911 0.448743 0.052166 1.0
0.063911 0.448743 0.052166 1.0
0.063911 0.448743 0.052166 1.0
0.063911 0.448743 0.052166 1.0
0.063911 0.448743 0.052166 1.0
0.063911 0.448743 0.052166 1.0
0.063911 0.448743 0.052166 1.0
0.063911 0.448743 0.052166 1.0
0.063911 0.448743 0.052166 1.0
0.063911 0.448743 0.052166 1.0
0.063911 0.448743 0.052166 1.0
0.063911 0.448743 0.052166 1.0
0.063911 0.448743 0.052166 1.0
0.063911 0.448743 0.052166 1.0
0.063911 0.448743 0.052166 1.0
0.063911 0.448743 0.052166 1.0
0.063911 0.448743 0.052166 1.0
0.063911 0.448743 0.052166 1.0
0.063911 0.448743 0.052166 1.0
0.063911 0.448743 0.052166 1.0
0.063911 0.448743 0.052166 1.0
0.063911 0.448743 0.052166 1.0
0.063911 0.448743 0.052166 1.0
0.063911 0.448743 0.052166 1.0
0.063911 0.448743 0.052166 1.0
0.063911 0.448743 0.052166 1.0
0.063911 0.448743 0.052166 1.0
0.063911 0.448743 0.052166 1.0
0.063911 0.448743 0.052166 1.0
0.063911 0.448743 0.052166 1.0
0.063911 0.448743 0.052166 1.0
0.063911 0.448743 0.052166 1.0
0.063911 0.448743 0.052166 1.0
0.063911 0.448743 0.052166 1.0
0.063911 0.448743 0.052166 1.0
0.063911 0.448743 0.052166 1.0
0.063911 0.448743 0.052166 1.0
0.063911 0.448743 0.052166 1.0
0.063911 0.448743 0.052166 1.0
0.063911 0.448743 0.052166 1.0
0.063911 0.448743 0.052166 1.0
0.063911 0.448743 0.052166 1.0
0.063911 0.448743 0.052166 1.0
0.063911 0.448743 0.052166 1.0
0.063911 0.448743 0.052166 1.0
0.063911 0.448743 0.052166 1.0
0.063911 0.448743 0.052166 1.0
0.063911 0.448743 0.052166 1.0
0.063911 0.448743 0.052166 1.0
0.063911 0.448743 0.052166 1.0
0.063911 0.448743 0.052166 1.0
0.063911 0.448743 0.052166 1.0
0.063911 0.448743 0.052166 1.0
0.063911 0.448743 0.052166 1.0
0.063911 0.448743 0.052166 1.0
0.063911 0.448743 0.052166 1.0
0.063911 0.448743 0.052166 1.0
0.063911 0.448743 0.052166 1.0
0.063911 0.448743 0.052166 1.0
0.063911 0.448743 0.052166 1.0
0.063911 0.448743 0.052166 1.0
0.063911 0.448743 0.052166 1.0
0.063911 0.448743 0.052166 1.0
0.063911 0.448743 0.052166 1.0
1.0 0.08167 0.047281 1.0
1.0 0.08167 0.047281 1.0
1.0 0.08167 0.047281 1.0
1.0 0.08167 0.047281 1.0
1.0 0.08167 0.047281 1.0
1.0 0.08167 0.047281 1.0
1.0 0.08167 0.047281 1.0
1.0 0.08167 0.047281 1.0
1.0 0.08167 0.047281 1.0
1.0 0.08167 0.047281 1.0
1.0 0.08167 0.047281 1.0
1.0 0.08167 0.047281 1.0
1.0 0.08167 0.047281 1.0
1.0 0.08167 0.047281 1.0
1.0 0.08167 0.047281 1.0
1.0 0.08167 0.047281 1.0
1.0 0.08167 0.047281 1.0
1.0 0.08167 0.047281 1.0
1.0 0.08167 0.047281 1.0
1.0 0.08167 0.047281 1.0
1.0 0.08167 0.047281 1.0
1.0 0.08167 0.047281 1.0
1.0 0.08167 0.047281 1.0
1.0 0.08167 0.047281 1.0

4 3 2
4 2 1
4 1 0
9 8 7
9 7 6
9 6 5
14 13 12
14 12 11
14 11 10
18 17 16
18 16 15
22 21 20
22 20 19
26 25 24
26 24 23
30 29 28
30 28 27
34 33 32
34 32 31
39 38 37
39 37 36
39 36 35
43 42 41
43 41 40
47 46 45
47 45 44
51 50 49
51 49 48
55 54 53
55 53 52
60 59 58
60 58 57
60 57 56
65 64 63
65 63 62
65 62 61
70 69 68
70 68 67
70 67 66
74 73 72
74 72 71
78 77 76
78 76 75
82 81 80
82 80 79
86 85 84
86 84 83
90 89 88
90 88 87
95 94 93
95 93 92
95 92 91
99 98 97
99 97 96
103 102 101
103 101 100
107 106 105
107 105 104
111 110 109
111 109 108
115 114 113
115 113 112
119 118 117
119 117 116
123 122 121
123 121 120
127 126 125
127 125 124
131 130 129
131 129 128
135 134 133
135 133 132
138 137 136
142 141 140
142 140 139
146 145 144
146 144 143
150 149 148
150 148 147
154 153 152
154 152 151
158 157 156
158 156 155
162 161 160
162 160 159
166 165 164
166 164 163
170 169 168
170 168 167
174 173 172
174 172 171
178 177 176
178 176 175
182 181 180
182 180 179
186 185 184
186 184 183
190 189 188
190 188 187
194 193 192
194 192 191
198 197 196
198 196 195
201 200 199
204 203 202
208 207 206
208 206 205
212 211 210
212 210 209
216 215 214
216 214 213
220 219 218
220 218 217
224 223 222
224 222 221
228 227 226
228 226 225
231 230 229
235 234 233
235 233 232
239 238 237
239 237 236
243 242 241
243 241 240
247 246 245
247 245 244
251 250 249
251 249 248
255 254 253
255 253 252
259 258 257
259 257 256
263 262 261
263 261 260
267 266 265
267 265 264
271 270 269
271 269 268
275 274 273
275 273 272
279 278 277
279 277 276
283 282 281
283 281 280
287 286 285
287 285 284
291 290 289
291 289 288
294 293 292
297 296 295
301 300 299
301 299 298
305 304 303
305 303 302
309 308 307
309 307 306
313 312 311
313 311 310
317 316 315
317 315 314
321 320 319
321 319 318
325 324 323
325 323 322
329 328 327
329 327 326
333 332 331
333 331 330
337 336 335
337 335 334
341 340 339
341 339 338
345 344 343
345 343 342
349 348 347
349 347 346
353 352 351
353 351 350
357 356 355
357 355 354
361 360 359
361 359 358
365 364 363
365 363 362
369 368 367
369 367 366
373 372 371
373 371 370
377 376 375
377 375 374
383 382 381
383 381 380
383 380 379
383 379 378
387 386 385
387 385 384
391 390 389
391 389 388
395 394 393
395 393 392
399 398 397
399 397 396
403 402 401
403 401 400
407 406 405
407 405 404
411 410 409
411 409 408
415 414 413
415 413 412
419 418 417
419 417 416
423 422 421
423 421 420
427 426 425
427 425 424
431 430 429
431 429 428
435 434 433
435 433 432
439 438 437
439 437 436
443 442 441
443 441 440
447 446 445
447 445 444
451 450 449
451 449 448
455 454 453
455 453 452
459 458 457
459 457 456
463 462 461
463 461 460
467 466 465
467 465 464
471 470 469
471 469 468
475 474 473
475 473 472
479 478 477
479 477 476
483 482 481
483 481 480
487 486 485
487 485 484
491 490 489
491 489 488
495 494 493
495 493 492
499 498 497
499 497 496
503 502 501
503 501 500
507 506 505
507 505 504
511 510 509
511 509 508
515 514 513
515 513 512
519 518 517
519 517 516
523 522 521
523 521 520
527 526 525
527 525 524
531 530 529
531 529 528
535 534 533
535 533 532
539 538 537
539 537 536
543 542 541
543 541 540
547 546 545
547 545 544
551 550 549
551 549 548
555 554 553
555 553 552
559 558 557
559 557 556
563 562 561
563 561 560
567 566 565
567 565 564
571 570 569
571 569 568
575 574 573
575 573 572
579 578 577
579 577 576
583 582 581
583 581 580
587 586 585
587 585 584
591 590 589
591 589 588
595 594 593
595 593 592
599 598 597
599 597 596
603 602 601
603 601 600
607 606 605
607 605 604
611 610 609
611 609 608
615 614 613
615 613 612
619 618 617
619 617 616
623 622 621
623 621 620
627 626 625
627 625 624
631 630 629
631 629 628
