492 236 

-0.163136 -0.015696 0.160194
-0.204533 0.114559 0.201234
-0.262677 0.078536 0.087919
-0.170463 -0.088342 0.071334
-0.163136 -0.015696 0.160194
-0.107649 -0.032873 0.174657
-0.062563 0.098443 0.290805
-0.204533 0.114559 0.201234
-0.163136 -0.015696 0.160194
-0.170463 -0.088342 0.071334
-0.095739 -0.119076 0.064279
-0.107649 -0.032873 0.174657
-0.196247 0.236767 0.183661
-0.160806 0.300036 0.162351
-0.188318 0.343985 0.046447
-0.209829 0.289764 0.104675
-0.196247 0.236767 0.183661
-0.071939 0.191575 0.281277
-0.056357 0.360974 0.199193
-0.160806 0.300036 0.162351
-0.056357 0.360974 0.199193
-0.042967 0.431786 0.073443
-0.188318 0.343985 0.046447
-0.160806 0.300036 0.162351
-0.194458 -0.05561 -0.044289
-0.290046 0.104513 -0.042149
-0.183455 0.047549 -0.185764
-0.171025 -0.007792 -0.154298
-0.183455 0.047549 -0.185764
-0.069863 0.109135 -0.29238
-0.084337 -0.040711 -0.186373
-0.171025 -0.007792 -0.154298
-0.194458 -0.05561 -0.044289
-0.171025 -0.007792 -0.154298
-0.084337 -0.040711 -0.186373
-0.08535 -0.111675 -0.071305
-0.26179 0.238636 -0.081004
-0.21021 0.329755 -0.063207
-0.171547 0.299704 -0.169348
-0.186719 0.260659 -0.175952
-0.171547 0.299704 -0.169348
-0.08169 0.332496 -0.184986
-0.066436 0.206626 -0.262811
-0.186719 0.260659 -0.175952
-0.088515 0.391162 -0.082192
-0.08169 0.332496 -0.184986
-0.171547 0.299704 -0.169348
-0.21021 0.329755 -0.063207
0.210185 -0.059004 0.029746
0.289136 0.080111 0.102398
0.188494 0.069136 0.189214
0.154824 -0.010314 0.155229
0.0717 -0.052834 0.198393
0.154824 -0.010314 0.155229
0.188494 0.069136 0.189214
0.075423 0.024424 0.252896
0.0717 -0.052834 0.198393
0.053332 -0.131443 0.102823
0.210185 -0.059004 0.029746
0.154824 -0.010314 0.155229
0.250213 0.213445 0.130253
0.186237 0.355514 0.032762
0.170803 0.303097 0.170935
0.208269 0.247304 0.175752
0.071801 0.235113 0.240691
0.208269 0.247304 0.175752
0.170803 0.303097 0.170935
0.078028 0.337738 0.1973
0.170803 0.303097 0.170935
0.186237 0.355514 0.032762
0.05224 0.436675 0.024688
0.078028 0.337738 0.1973
0.153983 -0.009442 -0.157838
0.191306 0.071988 -0.194861
0.261023 0.073767 -0.113381
0.192285 -0.05037 -0.095625
0.075001 0.021824 -0.261879
0.191306 0.071988 -0.194861
0.153983 -0.009442 -0.157838
0.058187 -0.059407 -0.206151
0.068813 -0.127163 -0.127712
0.058187 -0.059407 -0.206151
0.153983 -0.009442 -0.157838
0.192285 -0.05037 -0.095625
0.193917 0.231583 -0.17846
0.161361 0.310262 -0.164778
0.214325 0.320145 -0.058323
0.247886 0.227337 -0.097623
0.090476 0.353256 -0.202588
0.161361 0.310262 -0.164778
0.193917 0.231583 -0.17846
0.053665 0.256573 -0.255638
0.214325 0.320145 -0.058323
0.161361 0.310262 -0.164778
0.090476 0.353256 -0.202588
0.066389 0.412437 -0.117829
-0.107649 -0.032873 0.174657
0.0717 -0.052834 0.198393
0.075423 0.024424 0.252896
-0.062563 0.098443 0.290805
-0.107649 -0.032873 0.174657
-0.095739 -0.119076 0.064279
0.053332 -0.131443 0.102823
0.0717 -0.052834 0.198393
-0.071939 0.191575 0.281277
0.071801 0.235113 0.240691
0.078028 0.337738 0.1973
-0.056357 0.360974 0.199193
0.078028 0.337738 0.1973
0.05224 0.436675 0.024688
-0.042967 0.431786 0.073443
-0.056357 0.360974 0.199193
-0.069863 0.109135 -0.29238
0.075001 0.021824 -0.261879
0.058187 -0.059407 -0.206151
-0.084337 -0.040711 -0.186373
-0.08535 -0.111675 -0.071305
-0.084337 -0.040711 -0.186373
0.058187 -0.059407 -0.206151
0.068813 -0.127163 -0.127712
-0.08169 0.332496 -0.184986
0.090476 0.353256 -0.202588
0.053665 0.256573 -0.255638
-0.066436 0.206626 -0.262811
0.066389 0.412437 -0.117829
0.090476 0.353256 -0.202588
-0.08169 0.332496 -0.184986
-0.088515 0.391162 -0.082192
-0.170463 -0.088342 0.071334
-0.262677 0.078536 0.087919
-0.290046 0.104513 -0.042149
-0.194458 -0.05561 -0.044289
-0.170463 -0.088342 0.071334
-0.194458 -0.05561 -0.044289
-0.08535 -0.111675 -0.071305
-0.095739 -0.119076 0.064279
0.192285 -0.05037 -0.095625
0.261023 0.073767 -0.113381
0.289136 0.080111 0.102398
0.210185 -0.059004 0.029746
0.053332 -0.131443 0.102823
0.068813 -0.127163 -0.127712
0.192285 -0.05037 -0.095625
0.210185 -0.059004 0.029746
-0.209829 0.289764 0.104675
-0.188318 0.343985 0.046447
-0.21021 0.329755 -0.063207
-0.26179 0.238636 -0.081004
-0.042967 0.431786 0.073443
-0.088515 0.391162 -0.082192
-0.21021 0.329755 -0.063207
-0.188318 0.343985 0.046447
0.247886 0.227337 -0.097623
0.214325 0.320145 -0.058323
0.186237 0.355514 0.032762
0.250213 0.213445 0.130253
0.186237 0.355514 0.032762
0.214325 0.320145 -0.058323
0.066389 0.412437 -0.117829
0.05224 0.436675 0.024688
-0.204533 0.114559 0.201234
-0.196247 0.236767 0.183661
-0.209829 0.289764 0.104675
-0.262677 0.078536 0.087919
-0.204533 0.114559 0.201234
-0.062563 0.098443 0.290805
-0.071939 0.191575 0.281277
-0.196247 0.236767 0.183661
-0.290046 0.104513 -0.042149
-0.26179 0.238636 -0.081004
-0.186719 0.260659 -0.175952
-0.183455 0.047549 -0.185764
-0.186719 0.260659 -0.175952
-0.066436 0.206626 -0.262811
-0.069863 0.109135 -0.29238
-0.183455 0.047549 -0.185764
0.289136 0.080111 0.102398
0.250213 0.213445 0.130253
0.208269 0.247304 0.175752
0.188494 0.069136 0.189214
0.075423 0.024424 0.252896
0.188494 0.069136 0.189214
0.208269 0.247304 0.175752
0.071801 0.235113 0.240691
0.191306 0.071988 -0.194861
0.193917 0.231583 -0.17846
0.247886 0.227337 -0.097623
0.261023 0.073767 -0.113381
0.053665 0.256573 -0.255638
0.193917 0.231583 -0.17846
0.191306 0.071988 -0.194861
0.075001 0.021824 -0.261879
-0.262677 0.078536 0.087919
-0.209829 0.289764 0.104675
-0.26179 0.238636 -0.081004
-0.290046 0.104513 -0.042149
0.261023 0.073767 -0.113381
0.247886 0.227337 -0.097623
0.250213 0.213445 0.130253
0.289136 0.080111 0.102398
-0.062563 0.098443 0.290805
0.075423 0.024424 0.252896
0.071801 0.235113 0.240691
-0.071939 0.191575 0.281277
-0.066436 0.206626 -0.262811
0.053665 0.256573 -0.255638
0.075001 0.021824 -0.261879
-0.069863 0.109135 -0.29238
-0.095739 -0.119076 0.064279
-0.08535 -0.111675 -0.071305
0.068813 -0.127163 -0.127712
0.053332 -0.131443 0.102823
0.05224 0.436675 0.024688
0.066389 0.412437 -0.117829
-0.088515 0.391162 -0.082192
-0.042967 0.431786 0.073443
0.31398 0.422065 -0.066924
0.112599 0.56177 -0.357317
0.122622 0.601941 -0.31877
0.302805 0.476942 -0.058945
0.302805 0.476942 -0.058945
0.122622 0.601941 -0.31877
0.088894 0.575162 -0.282092
0.247879 0.464868 -0.052834
0.247879 0.464868 -0.052834
0.088894 0.575162 -0.282092
0.07887 0.534991 -0.320638
0.259054 0.409992 -0.060813
0.259054 0.409992 -0.060813
0.07887 0.534991 -0.320638
0.112599 0.56177 -0.357317
0.31398 0.422065 -0.066924
0.112599 0.56177 -0.357317
-0.201381 0.765087 -0.290393
-0.158307 0.783856 -0.258891
0.122622 0.601941 -0.31877
0.122622 0.601941 -0.31877
-0.158307 0.783856 -0.258891
-0.158985 0.735675 -0.229258
0.088894 0.575162 -0.282092
0.088894 0.575162 -0.282092
-0.158985 0.735675 -0.229258
-0.202059 0.716906 -0.260759
0.07887 0.534991 -0.320638
0.07887 0.534991 -0.320638
-0.202059 0.716906 -0.260759
-0.201381 0.765087 -0.290393
0.112599 0.56177 -0.357317
-0.201381 0.765087 -0.290393
-0.31398 0.828699 0.066924
-0.259054 0.840772 0.060813
-0.158307 0.783856 -0.258891
-0.158307 0.783856 -0.258891
-0.259054 0.840772 0.060813
-0.247879 0.785895 0.052834
-0.158985 0.735675 -0.229258
-0.158985 0.735675 -0.229258
-0.247879 0.785895 0.052834
-0.302805 0.773822 0.058945
-0.202059 0.716906 -0.260759
-0.202059 0.716906 -0.260759
-0.302805 0.773822 0.058945
-0.31398 0.828699 0.066924
-0.201381 0.765087 -0.290393
-0.31398 0.828699 0.066924
-0.112599 0.688994 0.357317
-0.07887 0.715773 0.320638
-0.259054 0.840772 0.060813
-0.259054 0.840772 0.060813
-0.07887 0.715773 0.320638
-0.088894 0.675602 0.282092
-0.247879 0.785895 0.052834
-0.247879 0.785895 0.052834
-0.088894 0.675602 0.282092
-0.122622 0.648823 0.31877
-0.302805 0.773822 0.058945
-0.302805 0.773822 0.058945
-0.122622 0.648823 0.31877
-0.112599 0.688994 0.357317
-0.31398 0.828699 0.066924
-0.112599 0.688994 0.357317
0.201381 0.485677 0.290393
0.202059 0.533858 0.260759
-0.07887 0.715773 0.320638
-0.07887 0.715773 0.320638
0.202059 0.533858 0.260759
0.158985 0.515088 0.229258
-0.088894 0.675602 0.282092
-0.088894 0.675602 0.282092
0.158985 0.515088 0.229258
0.158308 0.466907 0.258891
-0.122622 0.648823 0.31877
-0.122622 0.648823 0.31877
0.158308 0.466907 0.258891
0.201381 0.485677 0.290393
-0.112599 0.688994 0.357317
0.201381 0.485677 0.290393
0.31398 0.422065 -0.066924
0.302805 0.476942 -0.058945
0.202059 0.533858 0.260759
0.202059 0.533858 0.260759
0.302805 0.476942 -0.058945
0.247879 0.464868 -0.052834
0.158985 0.515088 0.229258
0.158985 0.515088 0.229258
0.247879 0.464868 -0.052834
0.259054 0.409992 -0.060813
0.158308 0.466907 0.258891
0.158308 0.466907 0.258891
0.259054 0.409992 -0.060813
0.31398 0.422065 -0.066924
0.201381 0.485677 0.290393
0.215581 0.752078 0.158045
0.280931 0.541348 -0.039002
0.254786 0.571892 -0.056965
0.196315 0.76044 0.11934
0.196315 0.76044 0.11934
0.254786 0.571892 -0.056965
0.221788 0.559039 -0.030791
0.170196 0.725405 0.124772
0.170196 0.725405 0.124772
0.221788 0.559039 -0.030791
0.247933 0.528495 -0.012828
0.189461 0.717043 0.163477
0.189461 0.717043 0.163477
0.247933 0.528495 -0.012828
0.280931 0.541348 -0.039002
0.215581 0.752078 0.158045
0.280931 0.541348 -0.039002
0.065351 0.414652 -0.197047
0.061898 0.458532 -0.198374
0.254786 0.571892 -0.056965
0.254786 0.571892 -0.056965
0.061898 0.458532 -0.198374
0.051593 0.459016 -0.155563
0.221788 0.559039 -0.030791
0.221788 0.559039 -0.030791
0.051593 0.459016 -0.155563
0.055045 0.415135 -0.154236
0.247933 0.528495 -0.012828
0.247933 0.528495 -0.012828
0.055045 0.415135 -0.154236
0.065351 0.414652 -0.197047
0.280931 0.541348 -0.039002
0.065351 0.414652 -0.197047
-0.215581 0.498686 -0.158045
-0.189461 0.53372 -0.163477
0.061898 0.458532 -0.198374
0.061898 0.458532 -0.198374
-0.189461 0.53372 -0.163477
-0.170195 0.525358 -0.124772
0.051593 0.459016 -0.155563
0.051593 0.459016 -0.155563
-0.170195 0.525358 -0.124772
-0.196315 0.490324 -0.11934
0.055045 0.415135 -0.154236
0.055045 0.415135 -0.154236
-0.196315 0.490324 -0.11934
-0.215581 0.498686 -0.158045
0.065351 0.414652 -0.197047
-0.215581 0.498686 -0.158045
-0.280931 0.709416 0.039002
-0.247933 0.722268 0.012828
-0.189461 0.53372 -0.163477
-0.189461 0.53372 -0.163477
-0.247933 0.722268 0.012828
-0.221788 0.691724 0.030791
-0.170195 0.525358 -0.124772
-0.170195 0.525358 -0.124772
-0.221788 0.691724 0.030791
-0.254786 0.678872 0.056965
-0.196315 0.490324 -0.11934
-0.196315 0.490324 -0.11934
-0.254786 0.678872 0.056965
-0.280931 0.709416 0.039002
-0.215581 0.498686 -0.158045
-0.280931 0.709416 0.039002
-0.06535 0.836112 0.197047
-0.055045 0.835628 0.154236
-0.247933 0.722268 0.012828
-0.247933 0.722268 0.012828
-0.055045 0.835628 0.154236
-0.051592 0.791748 0.155563
-0.221788 0.691724 0.030791
-0.221788 0.691724 0.030791
-0.051592 0.791748 0.155563
-0.061898 0.792232 0.198374
-0.254786 0.678872 0.056965
-0.254786 0.678872 0.056965
-0.061898 0.792232 0.198374
-0.06535 0.836112 0.197047
-0.280931 0.709416 0.039002
-0.06535 0.836112 0.197047
0.215581 0.752078 0.158045
0.196315 0.76044 0.11934
-0.055045 0.835628 0.154236
-0.055045 0.835628 0.154236
0.196315 0.76044 0.11934
0.170196 0.725405 0.124772
-0.051592 0.791748 0.155563
-0.051592 0.791748 0.155563
0.170196 0.725405 0.124772
0.189461 0.717043 0.163477
-0.061898 0.792232 0.198374
-0.061898 0.792232 0.198374
0.189461 0.717043 0.163477
0.215581 0.752078 0.158045
-0.06535 0.836112 0.197047
-0.167396 0.461644 0.230308
-0.253093 0.493724 0.221154
-0.260266 0.451363 0.139846
-0.174568 0.419284 0.149
-0.174568 0.419284 0.149
-0.260266 0.451363 0.139846
-0.227686 0.526419 0.097869
-0.141988 0.494339 0.107023
-0.141988 0.494339 0.107023
-0.227686 0.526419 0.097869
-0.220513 0.56878 0.179177
-0.134816 0.5367 0.188331
-0.134816 0.5367 0.188331
-0.220513 0.56878 0.179177
-0.253093 0.493724 0.221154
-0.167396 0.461644 0.230308
-0.174568 0.419284 0.149
-0.141988 0.494339 0.107023
-0.134816 0.5367 0.188331
-0.167396 0.461644 0.230308
-0.227686 0.526419 0.097869
-0.260266 0.451363 0.139846
-0.253093 0.493724 0.221154
-0.220513 0.56878 0.179177
0.0 0.496158 -0.0
0.097602 0.57072 0.070911
-0.03728 0.57072 0.114738
0.097602 0.57072 0.070911
0.0 0.496158 -0.0
0.097602 0.57072 -0.070911
0.0 0.496158 -0.0
-0.03728 0.57072 0.114738
-0.120644 0.57072 -0.0
0.0 0.496158 -0.0
-0.120644 0.57072 -0.0
-0.03728 0.57072 -0.114738
0.0 0.496158 -0.0
-0.03728 0.57072 -0.114738
0.097602 0.57072 -0.070911
0.097602 0.57072 0.070911
0.097602 0.57072 -0.070911
0.120644 0.691364 -0.0
-0.03728 0.57072 0.114738
0.097602 0.57072 0.070911
0.03728 0.691364 0.114738
-0.120644 0.57072 -0.0
-0.03728 0.57072 0.114738
-0.097602 0.691364 0.070911
-0.03728 0.57072 -0.114738
-0.120644 0.57072 -0.0
-0.097602 0.691364 -0.070911
0.097602 0.57072 -0.070911
-0.03728 0.57072 -0.114738
0.03728 0.691364 -0.114738
0.097602 0.57072 0.070911
0.120644 0.691364 -0.0
0.03728 0.691364 0.114738
-0.03728 0.57072 0.114738
0.03728 0.691364 0.114738
-0.097602 0.691364 0.070911
-0.120644 0.57072 -0.0
-0.097602 0.691364 0.070911
-0.097602 0.691364 -0.070911
-0.03728 0.57072 -0.114738
-0.097602 0.691364 -0.070911
0.03728 0.691364 -0.114738
0.097602 0.57072 -0.070911
0.03728 0.691364 -0.114738
0.120644 0.691364 -0.0
0.03728 0.691364 0.114738
0.120644 0.691364 -0.0
0.0 0.765926 -0.0
-0.097602 0.691364 0.070911
0.03728 0.691364 0.114738
0.0 0.765926 -0.0
-0.097602 0.691364 -0.070911
-0.097602 0.691364 0.070911
0.0 0.765926 -0.0
0.03728 0.691364 -0.114738
-0.097602 0.691364 -0.070911
0.0 0.765926 -0.0
0.120644 0.691364 -0.0
0.03728 0.691364 -0.114738
0.0 0.765926 -0.0

no_normals
0 0
0 0
0 0
0 0
0 0
0 0
0 0
0 0
0 0
0 0
0 0
0 0
0 0
0 0
0 0
0 0
0 0
0 0
0 0
0 0
0 0
0 0
0 0
0 0
0 0
0 0
0 0
0 0
0 0
0 0
0 0
0 0
0 0
0 0
0 0
0 0
0 0
0 0
0 0
0 0
0 0
0 0
0 0
0 0
0 0
0 0
0 0
0 0
0 0
0 0
0 0
0 0
0 0
0 0
0 0
0 0
0 0
0 0
0 0
0 0
0 0
0 0
0 0
0 0
0 0
0 0
0 0
0 0
0 0
0 0
0 0
0 0
0 0
0 0
0 0
0 0
0 0
0 0
0 0
0 0
0 0
0 0
0 0
0 0
0 0
0 0
0 0
0 0
0 0
0 0
0 0
0 0
0 0
0 0
0 0
0 0
0 0
0 0
0 0
0 0
0 0
0 0
0 0
0 0
0 0
0 0
0 0
0 0
0 0
0 0
0 0
0 0
0 0
0 0
0 0
0 0
0 0
0 0
0 0
0 0
0 0
0 0
0 0
0 0
0 0
0 0
0 0
0 0
0 0
0 0
0 0
0 0
0 0
0 0
0 0
0 0
0 0
0 0
0 0
0 0
0 0
0 0
0 0
0 0
0 0
0 0
0 0
0 0
0 0
0 0
0 0
0 0
0 0
0 0
0 0
0 0
0 0
0 0
0 0
0 0
0 0
0 0
0 0
0 0
0 0
0 0
0 0
0 0
0 0
0 0
0 0
0 0
0 0
0 0
0 0
0 0
0 0
0 0
0 0
0 0
0 0
0 0
0 0
0 0
0 0
0 0
0 0
0 0
0 0
0 0
0 0
0 0
0 0
0 0
0 0
0 0
0 0
0 0
0 0
0 0
0 0
0 0
0 0
0 0
0 0
0 0
0 0
0 0
0 0
0 0
0 0
0 0
0 0
0 0
0 0
0 0
0.5 0.5
0.666667 0.5
0.666667 0.75
0.5 0.75
0.5 0.75
0.666667 0.75
0.666667 1.0
0.5 1.0
0.5 0.0
0.666667 0.0
0.666667 0.25
0.5 0.25
0.5 0.25
0.666667 0.25
0.666667 0.5
0.5 0.5
0.666667 0.5
0.833333 0.5
0.833333 0.75
0.666667 0.75
0.666667 0.75
0.833333 0.75
0.833333 1.0
0.666667 1.0
0.666667 0.0
0.833333 0.0
0.833333 0.25
0.666667 0.25
0.666667 0.25
0.833333 0.25
0.833333 0.5
0.666667 0.5
0.833333 0.5
1.0 0.5
1.0 0.75
0.833333 0.75
0.833333 0.75
1.0 0.75
1.0 1.0
0.833333 1.0
0.833333 0.0
1.0 0.0
1.0 0.25
0.833333 0.25
0.833333 0.25
1.0 0.25
1.0 0.5
0.833333 0.5
-0.0 0.5
0.166667 0.5
0.166667 0.75
-0.0 0.75
-0.0 0.75
0.166667 0.75
0.166667 1.0
-0.0 1.0
-0.0 0.0
0.166667 0.0
0.166667 0.25
-0.0 0.25
-0.0 0.25
0.166667 0.25
0.166667 0.5
-0.0 0.5
0.166667 0.5
0.333333 0.5
0.333333 0.75
0.166667 0.75
0.166667 0.75
0.333333 0.75
0.333333 1.0
0.166667 1.0
0.166667 0.0
0.333333 0.0
0.333333 0.25
0.166667 0.25
0.166667 0.25
0.333333 0.25
0.333333 0.5
0.166667 0.5
0.333333 0.5
0.5 0.5
0.5 0.75
0.333333 0.75
0.333333 0.75
0.5 0.75
0.5 1.0
0.333333 1.0
0.333333 0.0
0.5 0.0
0.5 0.25
0.333333 0.25
0.333333 0.25
0.5 0.25
0.5 0.5
0.333333 0.5
0.5 0.5
0.666667 0.5
0.666667 0.75
0.5 0.75
0.5 0.75
0.666667 0.75
0.666667 1.0
0.5 1.0
0.5 0.0
0.666667 0.0
0.666667 0.25
0.5 0.25
0.5 0.25
0.666667 0.25
0.666667 0.5
0.5 0.5
0.666667 0.5
0.833333 0.5
0.833333 0.75
0.666667 0.75
0.666667 0.75
0.833333 0.75
0.833333 1.0
0.666667 1.0
0.666667 0.0
0.833333 0.0
0.833333 0.25
0.666667 0.25
0.666667 0.25
0.833333 0.25
0.833333 0.5
0.666667 0.5
0.833333 0.5
1.0 0.5
1.0 0.75
0.833333 0.75
0.833333 0.75
1.0 0.75
1.0 1.0
0.833333 1.0
0.833333 0.0
1.0 0.0
1.0 0.25
0.833333 0.25
0.833333 0.25
1.0 0.25
1.0 0.5
0.833333 0.5
-0.0 0.5
0.166667 0.5
0.166667 0.75
-0.0 0.75
-0.0 0.75
0.166667 0.75
0.166667 1.0
-0.0 1.0
-0.0 0.0
0.166667 0.0
0.166667 0.25
-0.0 0.25
-0.0 0.25
0.166667 0.25
0.166667 0.5
-0.0 0.5
0.166667 0.5
0.333333 0.5
0.333333 0.75
0.166667 0.75
0.166667 0.75
0.333333 0.75
0.333333 1.0
0.166667 1.0
0.166667 0.0
0.333333 0.0
0.333333 0.25
0.166667 0.25
0.166667 0.25
0.333333 0.25
0.333333 0.5
0.166667 0.5
0.333333 0.5
0.5 0.5
0.5 0.75
0.333333 0.75
0.333333 0.75
0.5 0.75
0.5 1.0
0.333333 1.0
0.333333 0.0
0.5 0.0
0.5 0.25
0.333333 0.25
0.333333 0.25
0.5 0.25
0.5 0.5
0.333333 0.5
0.375 0.0
0.625 0.0
0.625 0.25
0.375 0.25
0.375 0.25
0.625 0.25
0.625 0.5
0.375 0.5
0.375 0.5
0.625 0.5
0.625 0.75
0.375 0.75
0.375 0.75
0.625 0.75
0.625 1.0
0.375 1.0
0.125 0.5
0.375 0.5
0.375 0.75
0.125 0.75
0.625 0.5
0.875 0.5
0.875 0.75
0.625 0.75
0.818181 0.0
0.727272 0.157461
0.90909 0.157461
0.727272 0.157461
0.636363 0.0
0.545454 0.157461
0.090909 0.0
0.0 0.157461
0.181818 0.157461
0.272727 0.0
0.181818 0.157461
0.363636 0.157461
0.454545 0.0
0.363636 0.157461
0.545454 0.157461
0.727272 0.157461
0.545454 0.157461
0.636363 0.314921
0.90909 0.157461
0.727272 0.157461
0.818181 0.314921
0.181818 0.157461
0.0 0.157461
0.090909 0.314921
0.363636 0.157461
0.181818 0.157461
0.272727 0.314921
0.545454 0.157461
0.363636 0.157461
0.454545 0.314921
0.727272 0.157461
0.636363 0.314921
0.818181 0.314921
0.90909 0.157461
0.818181 0.314921
1.0 0.314921
0.181818 0.157461
0.090909 0.314921
0.272727 0.314921
0.363636 0.157461
0.272727 0.314921
0.454545 0.314921
0.545454 0.157461
0.454545 0.314921
0.636363 0.314921
0.818181 0.314921
0.636363 0.314921
0.727272 0.472382
1.0 0.314921
0.818181 0.314921
0.90909 0.472382
0.272727 0.314921
0.090909 0.314921
0.181818 0.472382
0.454545 0.314921
0.272727 0.314921
0.363636 0.472382
0.636363 0.314921
0.454545 0.314921
0.545454 0.472382

0.293574 0.30546 0.342776 1.0
0.293574 0.30546 0.342776 1.0
0.293574 0.30546 0.342776 1.0
0.293574 0.30546 0.342776 1.0
0.293574 0.30546 0.342776 1.0
0.293574 0.30546 0.342776 1.0
0.293574 0.30546 0.342776 1.0
0.293574 0.30546 0.342776 1.0
0.293574 0.30546 0.342776 1.0
0.293574 0.30546 0.342776 1.0
0.293574 0.30546 0.342776 1.0
0.293574 0.30546 0.342776 1.0
0.293574 0.30546 0.342776 1.0
0.293574 0.30546 0.342776 1.0
0.293574 0.30546 0.342776 1.0
0.293574 0.30546 0.342776 1.0
0.293574 0.30546 0.342776 1.0
0.293574 0.30546 0.342776 1.0
0.293574 0.30546 0.342776 1.0
0.293574 0.30546 0.342776 1.0
0.293574 0.30546 0.342776 1.0
0.293574 0.30546 0.342776 1.0
0.293574 0.30546 0.342776 1.0
0.293574 0.30546 0.342776 1.0
0.293574 0.30546 0.342776 1.0
0.293574 0.30546 0.342776 1.0
0.293574 0.30546 0.342776 1.0
0.293574 0.30546 0.342776 1.0
0.293574 0.30546 0.342776 1.0
0.293574 0.30546 0.342776 1.0
0.293574 0.30546 0.342776 1.0
0.293574 0.30546 0.342776 1.0
0.293574 0.30546 0.342776 1.0
0.293574 0.30546 0.342776 1.0
0.293574 0.30546 0.342776 1.0
0.293574 0.30546 0.342776 1.0
0.293574 0.30546 0.342776 1.0
0.293574 0.30546 0.342776 1.0
0.293574 0.30546 0.342776 1.0
0.293574 0.30546 0.342776 1.0
0.293574 0.30546 0.342776 1.0
0.293574 0.30546 0.342776 1.0
0.293574 0.30546 0.342776 1.0
0.293574 0.30546 0.342776 1.0
0.293574 0.30546 0.342776 1.0
0.293574 0.30546 0.342776 1.0
0.293574 0.30546 0.342776 1.0
0.293574 0.30546 0.342776 1.0
0.293574 0.30546 0.342776 1.0
0.293574 0.30546 0.342776 1.0
0.293574 0.30546 0.342776 1.0
0.293574 0.30546 0.342776 1.0
0.293574 0.30546 0.342776 1.0
0.293574 0.30546 0.342776 1.0
0.293574 0.30546 0.342776 1.0
0.293574 0.30546 0.342776 1.0
0.293574 0.30546 0.342776 1.0
0.293574 0.30546 0.342776 1.0
0.293574 0.30546 0.342776 1.0
0.293574 0.30546 0.342776 1.0
0.293574 0.30546 0.342776 1.0
0.293574 0.30546 0.342776 1.0
0.293574 0.30546 0.342776 1.0
0.293574 0.30546 0.342776 1.0
0.293574 0.30546 0.342776 1.0
0.293574 0.30546 0.342776 1.0
0.293574 0.30546 0.342776 1.0
0.293574 0.30546 0.342776 1.0
0.293574 0.30546 0.342776 1.0
0.293574 0.30546 0.342776 1.0
0.293574 0.30546 0.342776 1.0
0.293574 0.30546 0.342776 1.0
0.293574 0.30546 0.342776 1.0
0.293574 0.30546 0.342776 1.0
0.293574 0.30546 0.342776 1.0
0.293574 0.30546 0.342776 1.0
0.293574 0.30546 0.342776 1.0
0.293574 0.30546 0.342776 1.0
0.293574 0.30546 0.342776 1.0
0.293574 0.30546 0.342776 1.0
0.293574 0.30546 0.342776 1.0
0.293574 0.30546 0.342776 1.0
0.293574 0.30546 0.342776 1.0
0.293574 0.30546 0.342776 1.0
0.293574 0.30546 0.342776 1.0
0.293574 0.30546 0.342776 1.0
0.293574 0.30546 0.342776 1.0
0.293574 0.30546 0.342776 1.0
0.293574 0.30546 0.342776 1.0
0.293574 0.30546 0.342776 1.0
0.293574 0.30546 0.342776 1.0
0.293574 0.30546 0.342776 1.0
0.293574 0.30546 0.342776 1.0
0.293574 0.30546 0.342776 1.0
0.293574 0.30546 0.342776 1.0
0.293574 0.30546 0.342776 1.0
0.293574 0.30546 0.342776 1.0
0.293574 0.30546 0.342776 1.0
0.293574 0.30546 0.342776 1.0
0.293574 0.30546 0.342776 1.0
0.293574 0.30546 0.342776 1.0
0.293574 0.30546 0.342776 1.0
0.293574 0.30546 0.342776 1.0
0.293574 0.30546 0.342776 1.0
0.293574 0.30546 0.342776 1.0
0.293574 0.30546 0.342776 1.0
0.293574 0.30546 0.342776 1.0
0.293574 0.30546 0.342776 1.0
0.293574 0.30546 0.342776 1.0
0.293574 0.30546 0.342776 1.0
0.293574 0.30546 0.342776 1.0
0.293574 0.30546 0.342776 1.0
0.293574 0.30546 0.342776 1.0
0.293574 0.30546 0.342776 1.0
0.293574 0.30546 0.342776 1.0
0.293574 0.30546 0.342776 1.0
0.293574 0.30546 0.342776 1.0
0.293574 0.30546 0.342776 1.0
0.293574 0.30546 0.342776 1.0
0.293574 0.30546 0.342776 1.0
0.293574 0.30546 0.342776 1.0
0.293574 0.30546 0.342776 1.0
0.293574 0.30546 0.342776 1.0
0.293574 0.30546 0.342776 1.0
0.293574 0.30546 0.342776 1.0
0.293574 0.30546 0.342776 1.0
0.293574 0.30546 0.342776 1.0
0.293574 0.30546 0.342776 1.0
0.293574 0.30546 0.342776 1.0
0.293574 0.30546 0.342776 1.0
0.293574 0.30546 0.342776 1.0
0.293574 0.30546 0.342776 1.0
0.293574 0.30546 0.342776 1.0
0.293574 0.30546 0.342776 1.0
0.293574 0.30546 0.342776 1.0
0.293574 0.30546 0.342776 1.0
0.293574 0.30546 0.342776 1.0
0.293574 0.30546 0.342776 1.0
0.293574 0.30546 0.342776 1.0
0.293574 0.30546 0.342776 1.0
0.293574 0.30546 0.342776 1.0
0.293574 0.30546 0.342776 1.0
0.293574 0.30546 0.342776 1.0
0.293574 0.30546 0.342776 1.0
0.293574 0.30546 0.342776 1.0
0.293574 0.30546 0.342776 1.0
0.293574 0.30546 0.342776 1.0
0.293574 0.30546 0.342776 1.0
0.293574 0.30546 0.342776 1.0
0.293574 0.30546 0.342776 1.0
0.293574 0.30546 0.342776 1.0
0.293574 0.30546 0.342776 1.0
0.293574 0.30546 0.342776 1.0
0.293574 0.30546 0.342776 1.0
0.293574 0.30546 0.342776 1.0
0.293574 0.30546 0.342776 1.0
0.293574 0.30546 0.342776 1.0
0.293574 0.30546 0.342776 1.0
0.293574 0.30546 0.342776 1.0
0.293574 0.30546 0.342776 1.0
0.293574 0.30546 0.342776 1.0
0.293574 0.30546 0.342776 1.0
0.293574 0.30546 0.342776 1.0
0.293574 0.30546 0.342776 1.0
0.293574 0.30546 0.342776 1.0
0.293574 0.30546 0.342776 1.0
0.293574 0.30546 0.342776 1.0
0.293574 0.30546 0.342776 1.0
0.293574 0.30546 0.342776 1.0
0.293574 0.30546 0.342776 1.0
0.293574 0.30546 0.342776 1.0
0.293574 0.30546 0.342776 1.0
0.293574 0.30546 0.342776 1.0
0.293574 0.30546 0.342776 1.0
0.293574 0.30546 0.342776 1.0
0.293574 0.30546 0.342776 1.0
0.293574 0.30546 0.342776 1.0
0.293574 0.30546 0.342776 1.0
0.293574 0.30546 0.342776 1.0
0.293574 0.30546 0.342776 1.0
0.293574 0.30546 0.342776 1.0
0.293574 0.30546 0.342776 1.0
0.293574 0.30546 0.342776 1.0
0.293574 0.30546 0.342776 1.0
0.293574 0.30546 0.342776 1.0
0.293574 0.30546 0.342776 1.0
0.293574 0.30546 0.342776 1.0
0.293574 0.30546 0.342776 1.0
0.293574 0.30546 0.342776 1.0
0.293574 0.30546 0.342776 1.0
0.293574 0.30546 0.342776 1.0
0.293574 0.30546 0.342776 1.0
0.293574 0.30546 0.342776 1.0
0.293574 0.30546 0.342776 1.0
0.293574 0.30546 0.342776 1.0
0.293574 0.30546 0.342776 1.0
0.293574 0.30546 0.342776 1.0
0.293574 0.30546 0.342776 1.0
0.293574 0.30546 0.342776 1.0
0.293574 0.30546 0.342776 1.0
0.293574 0.30546 0.342776 1.0
0.293574 0.30546 0.342776 1.0
0.293574 0.30546 0.342776 1.0
0.293574 0.30546 0.342776 1.0
0.293574 0.30546 0.342776 1.0
0.293574 0.30546 0.342776 1.0
0.293574 0.30546 0.342776 1.0
0.293574 0.30546 0.342776 1.0
0.293574 0.30546 0.342776 1.0
0.293574 0.30546 0.342776 1.0
0.293574 0.30546 0.342776 1.0
0.293574 0.30546 0.342776 1.0
0.293574 0.30546 0.342776 1.0
0.293574 0.30546 0.342776 1.0
0.293574 0.30546 0.342776 1.0
0.293574 0.30546 0.342776 1.0
0.8 0.581841 0.012302 1.0
0.8 0.581841 0.012302 1.0
0.8 0.581841 0.012302 1.0
0.8 0.581841 0.012302 1.0
0.8 0.581841 0.012302 1.0
0.8 0.581841 0.012302 1.0
0.8 0.581841 0.012302 1.0
0.8 0.581841 0.012302 1.0
0.8 0.581841 0.012302 1.0
0.8 0.581841 0.012302 1.0
0.8 0.581841 0.012302 1.0
0.8 0.581841 0.012302 1.0
0.8 0.581841 0.012302 1.0
0.8 0.581841 0.012302 1.0
0.8 0.581841 0.012302 1.0
0.8 0.581841 0.012302 1.0
0.8 0.581841 0.012302 1.0
0.8 0.581841 0.012302 1.0
0.8 0.581841 0.012302 1.0
0.8 0.581841 0.012302 1.0
0.8 0.581841 0.012302 1.0
0.8 0.581841 0.012302 1.0
0.8 0.581841 0.012302 1.0
0.8 0.581841 0.012302 1.0
0.8 0.581841 0.012302 1.0
0.8 0.581841 0.012302 1.0
0.8 0.581841 0.012302 1.0
0.8 0.581841 0.012302 1.0
0.8 0.581841 0.012302 1.0
0.8 0.581841 0.012302 1.0
0.8 0.581841 0.012302 1.0
0.8 0.581841 0.012302 1.0
0.8 0.581841 0.012302 1.0
0.8 0.581841 0.012302 1.0
0.8 0.581841 0.012302 1.0
0.8 0.581841 0.012302 1.0
0.8 0.581841 0.012302 1.0
0.8 0.581841 0.012302 1.0
0.8 0.581841 0.012302 1.0
0.8 0.581841 0.012302 1.0
0.8 0.581841 0.012302 1.0
0.8 0.581841 0.012302 1.0
0.8 0.581841 0.012302 1.0
0.8 0.581841 0.012302 1.0
0.8 0.581841 0.012302 1.0
0.8 0.581841 0.012302 1.0
0.8 0.581841 0.012302 1.0
0.8 0.581841 0.012302 1.0
0.8 0.581841 0.012302 1.0
0.8 0.581841 0.012302 1.0
0.8 0.581841 0.012302 1.0
0.8 0.581841 0.012302 1.0
0.8 0.581841 0.012302 1.0
0.8 0.581841 0.012302 1.0
0.8 0.581841 0.012302 1.0
0.8 0.581841 0.012302 1.0
0.8 0.581841 0.012302 1.0
0.8 0.581841 0.012302 1.0
0.8 0.581841 0.012302 1.0
0.8 0.581841 0.012302 1.0
0.8 0.581841 0.012302 1.0
0.8 0.581841 0.012302 1.0
0.8 0.581841 0.012302 1.0
0.8 0.581841 0.012302 1.0
0.8 0.581841 0.012302 1.0
0.8 0.581841 0.012302 1.0
0.8 0.581841 0.012302 1.0
0.8 0.581841 0.012302 1.0
0.8 0.581841 0.012302 1.0
0.8 0.581841 0.012302 1.0
0.8 0.581841 0.012302 1.0
0.8 0.581841 0.012302 1.0
0.8 0.581841 0.012302 1.0
0.8 0.581841 0.012302 1.0
0.8 0.581841 0.012302 1.0
0.8 0.581841 0.012302 1.0
0.8 0.581841 0.012302 1.0
0.8 0.581841 0.012302 1.0
0.8 0.581841 0.012302 1.0
0.8 0.581841 0.012302 1.0
0.8 0.581841 0.012302 1.0
0.8 0.581841 0.012302 1.0
0.8 0.581841 0.012302 1.0
0.8 0.581841 0.012302 1.0
0.8 0.581841 0.012302 1.0
0.8 0.581841 0.012302 1.0
0.8 0.581841 0.012302 1.0
0.8 0.581841 0.012302 1.0
0.8 0.581841 0.012302 1.0
0.8 0.581841 0.012302 1.0
0.8 0.581841 0.012302 1.0
0.8 0.581841 0.012302 1.0
0.8 0.581841 0.012302 1.0
0.8 0.581841 0.012302 1.0
0.8 0.581841 0.012302 1.0
0.8 0.581841 0.012302 1.0
0.8 0.581841 0.012302 1.0
0.8 0.581841 0.012302 1.0
0.8 0.581841 0.012302 1.0
0.8 0.581841 0.012302 1.0
0.8 0.581841 0.012302 1.0
0.8 0.581841 0.012302 1.0
0.8 0.581841 0.012302 1.0
0.8 0.581841 0.012302 1.0
0.8 0.581841 0.012302 1.0
0.8 0.581841 0.012302 1.0
0.8 0.581841 0.012302 1.0
0.8 0.581841 0.012302 1.0
0.8 0.581841 0.012302 1.0
0.8 0.581841 0.012302 1.0
0.8 0.581841 0.012302 1.0
0.8 0.581841 0.012302 1.0
0.8 0.581841 0.012302 1.0
0.8 0.581841 0.012302 1.0
0.8 0.581841 0.012302 1.0
0.8 0.581841 0.012302 1.0
0.8 0.581841 0.012302 1.0
0.8 0.581841 0.012302 1.0
0.8 0.581841 0.012302 1.0
0.8 0.581841 0.012302 1.0
0.8 0.581841 0.012302 1.0
0.8 0.581841 0.012302 1.0
0.8 0.581841 0.012302 1.0
0.8 0.581841 0.012302 1.0
0.8 0.581841 0.012302 1.0
0.8 0.581841 0.012302 1.0
0.8 0.581841 0.012302 1.0
0.8 0.581841 0.012302 1.0
0.8 0.581841 0.012302 1.0
0.8 0.581841 0.012302 1.0
0.8 0.581841 0.012302 1.0
0.8 0.581841 0.012302 1.0
0.8 0.581841 0.012302 1.0
0.8 0.581841 0.012302 1.0
0.8 0.581841 0.012302 1.0
0.8 0.581841 0.012302 1.0
0.8 0.581841 0.012302 1.0
0.8 0.581841 0.012302 1.0
0.8 0.581841 0.012302 1.0
0.8 0.581841 0.012302 1.0
0.8 0.581841 0.012302 1.0
0.8 0.581841 0.012302 1.0
0.8 0.581841 0.012302 1.0
0.8 0.581841 0.012302 1.0
0.8 0.581841 0.012302 1.0
0.8 0.581841 0.012302 1.0
0.8 0.581841 0.012302 1.0
0.8 0.581841 0.012302 1.0
0.8 0.581841 0.012302 1.0
0.8 0.581841 0.012302 1.0
0.8 0.581841 0.012302 1.0
0.8 0.581841 0.012302 1.0
0.8 0.581841 0.012302 1.0
0.8 0.581841 0.012302 1.0
0.8 0.581841 0.012302 1.0
0.8 0.581841 0.012302 1.0
0.8 0.581841 0.012302 1.0
0.8 0.581841 0.012302 1.0
0.8 0.581841 0.012302 1.0
0.8 0.581841 0.012302 1.0
0.8 0.581841 0.012302 1.0
0.8 0.581841 0.012302 1.0
0.8 0.581841 0.012302 1.0
0.8 0.581841 0.012302 1.0
0.8 0.581841 0.012302 1.0
0.8 0.581841 0.012302 1.0
0.8 0.581841 0.012302 1.0
0.8 0.581841 0.012302 1.0
0.8 0.581841 0.012302 1.0
0.8 0.581841 0.012302 1.0
0.8 0.581841 0.012302 1.0
0.8 0.581841 0.012302 1.0
0.8 0.581841 0.012302 1.0
0.8 0.581841 0.012302 1.0
0.8 0.581841 0.012302 1.0
0.8 0.581841 0.012302 1.0
0.8 0.581841 0.012302 1.0
0.8 0.581841 0.012302 1.0
0.8 0.581841 0.012302 1.0
0.8 0.581841 0.012302 1.0
0.8 0.581841 0.012302 1.0
0.8 0.581841 0.012302 1.0
0.8 0.581841 0.012302 1.0
0.8 0.581841 0.012302 1.0
0.8 0.581841 0.012302 1.0
0.8 0.581841 0.012302 1.0
0.8 0.581841 0.012302 1.0
0.8 0.581841 0.012302 1.0
0.8 0.581841 0.012302 1.0
0.8 0.581841 0.012302 1.0
0.8 0.581841 0.012302 1.0
0.8 0.581841 0.012302 1.0
0.8 0.581841 0.012302 1.0
0.8 0.581841 0.012302 1.0
0.8 0.581841 0.012302 1.0
0.8 0.581841 0.012302 1.0
0.8 0.581841 0.012302 1.0
0.8 0.581841 0.012302 1.0
0.8 0.581841 0.012302 1.0
0.8 0.581841 0.012302 1.0
0.8 0.581841 0.012302 1.0
0.8 0.581841 0.012302 1.0
0.8 0.581841 0.012302 1.0
0.8 0.581841 0.012302 1.0
0.8 0.581841 0.012302 1.0
0.8 0.581841 0.012302 1.0
0.8 0.581841 0.012302 1.0
0.8 0.581841 0.012302 1.0
0.8 0.581841 0.012302 1.0
0.8 0.581841 0.012302 1.0
0.8 0.581841 0.012302 1.0
0.8 0.581841 0.012302 1.0
0.8 0.581841 0.012302 1.0
0.8 0.581841 0.012302 1.0
0.8 0.581841 0.012302 1.0
0.8 0.581841 0.012302 1.0
0.8 0.073186 0.028234 1.0
0.8 0.073186 0.028234 1.0
0.8 0.073186 0.028234 1.0
0.8 0.073186 0.028234 1.0
0.8 0.073186 0.028234 1.0
0.8 0.073186 0.028234 1.0
0.8 0.073186 0.028234 1.0
0.8 0.073186 0.028234 1.0
0.8 0.073186 0.028234 1.0
0.8 0.073186 0.028234 1.0
0.8 0.073186 0.028234 1.0
0.8 0.073186 0.028234 1.0
0.8 0.073186 0.028234 1.0
0.8 0.073186 0.028234 1.0
0.8 0.073186 0.028234 1.0
0.8 0.073186 0.028234 1.0
0.8 0.073186 0.028234 1.0
0.8 0.073186 0.028234 1.0
0.8 0.073186 0.028234 1.0
0.8 0.073186 0.028234 1.0
0.8 0.073186 0.028234 1.0
0.8 0.073186 0.028234 1.0
0.8 0.073186 0.028234 1.0
0.8 0.073186 0.028234 1.0
0.8 0.073186 0.028234 1.0
0.8 0.073186 0.028234 1.0
0.8 0.073186 0.028234 1.0
0.8 0.073186 0.028234 1.0
0.8 0.073186 0.028234 1.0
0.8 0.073186 0.028234 1.0
0.8 0.073186 0.028234 1.0
0.8 0.073186 0.028234 1.0
0.8 0.073186 0.028234 1.0
0.8 0.073186 0.028234 1.0
0.8 0.073186 0.028234 1.0
0.8 0.073186 0.028234 1.0
0.8 0.073186 0.028234 1.0
0.8 0.073186 0.028234 1.0
0.8 0.073186 0.028234 1.0
0.8 0.073186 0.028234 1.0
0.8 0.073186 0.028234 1.0
0.8 0.073186 0.028234 1.0
0.8 0.073186 0.028234 1.0
0.8 0.073186 0.028234 1.0
0.8 0.073186 0.028234 1.0
0.8 0.073186 0.028234 1.0
0.8 0.073186 0.028234 1.0
0.8 0.073186 0.028234 1.0
0.8 0.073186 0.028234 1.0
0.8 0.073186 0.028234 1.0
0.8 0.073186 0.028234 1.0
0.8 0.073186 0.028234 1.0
0.8 0.073186 0.028234 1.0
0.8 0.073186 0.028234 1.0
0.8 0.073186 0.028234 1.0
0.8 0.073186 0.028234 1.0
0.8 0.073186 0.028234 1.0
0.8 0.073186 0.028234 1.0
0.8 0.073186 0.028234 1.0
0.8 0.073186 0.028234 1.0

3 2 1
3 1 0
7 6 5
7 5 4
11 10 9
11 9 8
15 14 13
15 13 12
19 18 17
19 17 16
23 22 21
23 21 20
27 26 25
27 25 24
31 30 29
31 29 28
35 34 33
35 33 32
39 38 37
39 37 36
43 42 41
43 41 40
47 46 45
47 45 44
51 50 49
51 49 48
55 54 53
55 53 52
59 58 57
59 57 56
63 62 61
63 61 60
67 66 65
67 65 64
71 70 69
71 69 68
75 74 73
75 73 72
79 78 77
79 77 76
83 82 81
83 81 80
87 86 85
87 85 84
91 90 89
91 89 88
95 94 93
95 93 92
99 98 97
99 97 96
103 102 101
103 101 100
107 106 105
107 105 104
111 110 109
111 109 108
115 114 113
115 113 112
119 118 117
119 117 116
123 122 121
123 121 120
127 126 125
127 125 124
131 130 129
131 129 128
135 134 133
135 133 132
139 138 137
139 137 136
143 142 141
143 141 140
147 146 145
147 145 144
151 150 149
151 149 148
155 154 153
155 153 152
159 158 157
159 157 156
163 162 161
163 161 160
167 166 165
167 165 164
171 170 169
171 169 168
175 174 173
175 173 172
179 178 177
179 177 176
183 182 181
183 181 180
187 186 185
187 185 184
191 190 189
191 189 188
195 194 193
195 193 192
199 198 197
199 197 196
203 202 201
203 201 200
207 206 205
207 205 204
211 210 209
211 209 208
215 214 213
215 213 212
219 218 217
219 217 216
223 222 221
223 221 220
227 226 225
227 225 224
231 230 229
231 229 228
235 234 233
235 233 232
239 238 237
239 237 236
243 242 241
243 241 240
247 246 245
247 245 244
251 250 249
251 249 248
255 254 253
255 253 252
259 258 257
259 257 256
263 262 261
263 261 260
267 266 265
267 265 264
271 270 269
271 269 268
275 274 273
275 273 272
279 278 277
279 277 276
283 282 281
283 281 280
287 286 285
287 285 284
291 290 289
291 289 288
295 294 293
295 293 292
299 298 297
299 297 296
303 302 301
303 301 300
307 306 305
307 305 304
311 310 309
311 309 308
315 314 313
315 313 312
319 318 317
319 317 316
323 322 321
323 321 320
327 326 325
327 325 324
331 330 329
331 329 328
335 334 333
335 333 332
339 338 337
339 337 336
343 342 341
343 341 340
347 346 345
347 345 344
351 350 349
351 349 348
355 354 353
355 353 352
359 358 357
359 357 356
363 362 361
363 361 360
367 366 365
367 365 364
371 370 369
371 369 368
375 374 373
375 373 372
379 378 377
379 377 376
383 382 381
383 381 380
387 386 385
387 385 384
391 390 389
391 389 388
395 394 393
395 393 392
399 398 397
399 397 396
403 402 401
403 401 400
407 406 405
407 405 404
411 410 409
411 409 408
415 414 413
415 413 412
419 418 417
419 417 416
423 422 421
423 421 420
427 426 425
427 425 424
431 430 429
431 429 428
434 433 432
437 436 435
440 439 438
443 442 441
446 445 444
449 448 447
452 451 450
455 454 453
458 457 456
461 460 459
464 463 462
467 466 465
470 469 468
473 472 471
476 475 474
479 478 477
482 481 480
485 484 483
488 487 486
491 490 489
