464 208 

0.183173 -0.003466 0.250592
0.107672 0.252257 0.154498
-0.066191 0.249798 0.158489
-0.130341 0.215603 0.177127
-0.204124 -0.002849 0.250113
0.107672 0.252257 0.154498
0.183173 -0.003466 0.250592
0.240604 -0.00327 0.183791
0.184483 0.221783 0.090456
0.141103 0.25328 0.110993
0.237893 -0.017398 -0.189744
0.183458 0.223035 -0.165449
0.17289 0.242282 -0.133579
0.184483 0.221783 0.090456
0.240604 -0.00327 0.183791
-0.066191 0.249798 0.158489
-0.082313 0.281643 -0.090618
-0.133626 0.230806 -0.155793
-0.226522 0.184477 -0.102729
-0.205439 0.160904 0.146943
-0.130341 0.215603 0.177127
-0.082313 0.281643 -0.090618
0.150299 0.275864 -0.087598
0.17289 0.242282 -0.133579
0.183458 0.223035 -0.165449
0.166981 0.179878 -0.203246
-0.106014 0.198881 -0.219601
-0.133626 0.230806 -0.155793
0.183458 0.223035 -0.165449
0.237893 -0.017398 -0.189744
0.201031 0.00078 -0.254441
0.166981 0.179878 -0.203246
-0.25098 0.003406 -0.140183
-0.153961 0.001468 -0.251757
0.201031 0.00078 -0.254441
0.237893 -0.017398 -0.189744
0.240604 -0.00327 0.183791
0.183173 -0.003466 0.250592
-0.204124 -0.002849 0.250113
-0.255014 -0.001193 0.191249
0.150299 0.275864 -0.087598
0.141103 0.25328 0.110993
0.184483 0.221783 0.090456
0.17289 0.242282 -0.133579
0.150299 0.275864 -0.087598
-0.082313 0.281643 -0.090618
-0.066191 0.249798 0.158489
0.107672 0.252257 0.154498
0.141103 0.25328 0.110993
-0.204124 -0.002849 0.250113
-0.130341 0.215603 0.177127
-0.205439 0.160904 0.146943
-0.255014 -0.001193 0.191249
-0.255014 -0.001193 0.191249
-0.205439 0.160904 0.146943
-0.226522 0.184477 -0.102729
-0.25098 0.003406 -0.140183
-0.106014 0.198881 -0.219601
-0.226522 0.184477 -0.102729
-0.133626 0.230806 -0.155793
-0.25098 0.003406 -0.140183
-0.226522 0.184477 -0.102729
-0.106014 0.198881 -0.219601
-0.153961 0.001468 -0.251757
-0.153961 0.001468 -0.251757
-0.106014 0.198881 -0.219601
0.166981 0.179878 -0.203246
0.201031 0.00078 -0.254441
-0.000304 0.007 -0.015444
-0.038694 0.529965 0.031708
0.007938 0.531895 0.048264
0.046328 0.00893 0.001112
0.046328 0.00893 0.001112
0.007938 0.531895 0.048264
-0.038902 0.527074 0.063598
-0.000512 0.004109 0.016446
0.007938 0.531895 0.048264
-0.038694 0.529965 0.031708
-0.085534 0.525144 0.047042
-0.038902 0.527074 0.063598
-0.000512 0.004109 0.016446
-0.038902 0.527074 0.063598
-0.085534 0.525144 0.047042
-0.047144 0.002179 -0.00011
-0.047144 0.002179 -0.00011
-0.085534 0.525144 0.047042
-0.038694 0.529965 0.031708
-0.000304 0.007 -0.015444
-0.000304 0.007 -0.015444
0.046328 0.00893 0.001112
-0.000512 0.004109 0.016446
-0.047144 0.002179 -0.00011
-0.119082 0.514019 0.064184
-0.122267 0.557401 0.068096
-0.122029 0.560704 0.031658
-0.118844 0.517322 0.027746
-0.118844 0.517322 0.027746
-0.122029 0.560704 0.031658
0.039332 0.572359 0.033768
0.042517 0.528977 0.029856
0.042517 0.528977 0.029856
0.039332 0.572359 0.033768
0.039094 0.569056 0.070206
0.042279 0.525674 0.066294
0.042279 0.525674 0.066294
0.039094 0.569056 0.070206
-0.122267 0.557401 0.068096
-0.119082 0.514019 0.064184
-0.118844 0.517322 0.027746
0.042517 0.528977 0.029856
0.042279 0.525674 0.066294
-0.119082 0.514019 0.064184
0.039332 0.572359 0.033768
-0.122029 0.560704 0.031658
-0.122267 0.557401 0.068096
0.039094 0.569056 0.070206
-0.047825 0.651494 0.058741
-0.024378 0.670646 0.078888
-0.058944 0.66714 0.089628
-0.024378 0.670646 0.078888
-0.047825 0.651494 0.058741
-0.024142 0.673928 0.042672
-0.047825 0.651494 0.058741
-0.058944 0.66714 0.089628
-0.080071 0.668256 0.06005
-0.047825 0.651494 0.058741
-0.080071 0.668256 0.06005
-0.058561 0.672451 0.031029
-0.047825 0.651494 0.058741
-0.058561 0.672451 0.031029
-0.024142 0.673928 0.042672
-0.024378 0.670646 0.078888
-0.024142 0.673928 0.042672
-0.020623 0.703441 0.063627
-0.058944 0.66714 0.089628
-0.024378 0.670646 0.078888
-0.042133 0.699245 0.092648
-0.080071 0.668256 0.06005
-0.058944 0.66714 0.089628
-0.076553 0.697768 0.081006
-0.058561 0.672451 0.031029
-0.080071 0.668256 0.06005
-0.076316 0.701051 0.04479
-0.024142 0.673928 0.042672
-0.058561 0.672451 0.031029
-0.04175 0.704557 0.034049
-0.024378 0.670646 0.078888
-0.020623 0.703441 0.063627
-0.042133 0.699245 0.092648
-0.058944 0.66714 0.089628
-0.042133 0.699245 0.092648
-0.076553 0.697768 0.081006
-0.080071 0.668256 0.06005
-0.076553 0.697768 0.081006
-0.076316 0.701051 0.04479
-0.058561 0.672451 0.031029
-0.076316 0.701051 0.04479
-0.04175 0.704557 0.034049
-0.024142 0.673928 0.042672
-0.04175 0.704557 0.034049
-0.020623 0.703441 0.063627
-0.042133 0.699245 0.092648
-0.020623 0.703441 0.063627
-0.052869 0.720203 0.064936
-0.076553 0.697768 0.081006
-0.042133 0.699245 0.092648
-0.052869 0.720203 0.064936
-0.076316 0.701051 0.04479
-0.076553 0.697768 0.081006
-0.052869 0.720203 0.064936
-0.04175 0.704557 0.034049
-0.076316 0.701051 0.04479
-0.052869 0.720203 0.064936
-0.020623 0.703441 0.063627
-0.04175 0.704557 0.034049
-0.052869 0.720203 0.064936
-0.038892 0.532834 0.03098
-0.049473 0.676972 0.043976
-0.032635 0.676662 0.061122
-0.022054 0.532525 0.048126
-0.022054 0.532525 0.048126
-0.032635 0.676662 0.061122
-0.049694 0.673904 0.077824
-0.039113 0.529766 0.064828
-0.032635 0.676662 0.061122
-0.049473 0.676972 0.043976
-0.066531 0.674214 0.060678
-0.049694 0.673904 0.077824
-0.039113 0.529766 0.064828
-0.049694 0.673904 0.077824
-0.066531 0.674214 0.060678
-0.05595 0.530076 0.047682
-0.05595 0.530076 0.047682
-0.066531 0.674214 0.060678
-0.049473 0.676972 0.043976
-0.038892 0.532834 0.03098
-0.038892 0.532834 0.03098
-0.022054 0.532525 0.048126
-0.039113 0.529766 0.064828
-0.05595 0.530076 0.047682
0.007241 -0.017667 0.007636
0.154552 0.465135 0.157273
0.200559 0.448631 0.165231
0.053248 -0.034171 0.015594
0.053248 -0.034171 0.015594
0.200559 0.448631 0.165231
0.156835 0.455046 0.187578
0.009524 -0.027756 0.037941
0.200559 0.448631 0.165231
0.154552 0.465135 0.157273
0.110828 0.47155 0.17962
0.156835 0.455046 0.187578
0.009524 -0.027756 0.037941
0.156835 0.455046 0.187578
0.110828 0.47155 0.17962
-0.036484 -0.011252 0.029983
-0.036484 -0.011252 0.029983
0.110828 0.47155 0.17962
0.154552 0.465135 0.157273
0.007241 -0.017667 0.007636
0.007241 -0.017667 0.007636
0.053248 -0.034171 0.015594
0.009524 -0.027756 0.037941
-0.036484 -0.011252 0.029983
0.077568 0.467627 0.20015
0.089788 0.507677 0.212563
0.08718 0.519205 0.177936
0.07496 0.479155 0.165523
0.07496 0.479155 0.165523
0.08718 0.519205 0.177936
0.242084 0.47964 0.153096
0.229864 0.43959 0.140683
0.229864 0.43959 0.140683
0.242084 0.47964 0.153096
0.244692 0.468112 0.187723
0.232472 0.428062 0.17531
0.232472 0.428062 0.17531
0.244692 0.468112 0.187723
0.089788 0.507677 0.212563
0.077568 0.467627 0.20015
0.07496 0.479155 0.165523
0.229864 0.43959 0.140683
0.232472 0.428062 0.17531
0.077568 0.467627 0.20015
0.242084 0.47964 0.153096
0.08718 0.519205 0.177936
0.089788 0.507677 0.212563
0.244692 0.468112 0.187723
0.190333 0.57362 0.207613
0.22094 0.579304 0.226412
0.188628 0.584221 0.242357
0.22094 0.579304 0.226412
0.190333 0.57362 0.207613
0.218347 0.590761 0.191996
0.190333 0.57362 0.207613
0.188628 0.584221 0.242357
0.166066 0.598717 0.217796
0.190333 0.57362 0.207613
0.166066 0.598717 0.217796
0.184434 0.602759 0.186671
0.190333 0.57362 0.207613
0.184434 0.602759 0.186671
0.218347 0.590761 0.191996
0.22094 0.579304 0.226412
0.218347 0.590761 0.191996
0.233956 0.611956 0.217089
0.188628 0.584221 0.242357
0.22094 0.579304 0.226412
0.215588 0.607913 0.248214
0.166066 0.598717 0.217796
0.188628 0.584221 0.242357
0.181674 0.619912 0.242889
0.184434 0.602759 0.186671
0.166066 0.598717 0.217796
0.179082 0.631369 0.208473
0.218347 0.590761 0.191996
0.184434 0.602759 0.186671
0.211393 0.626452 0.192528
0.22094 0.579304 0.226412
0.233956 0.611956 0.217089
0.215588 0.607913 0.248214
0.188628 0.584221 0.242357
0.215588 0.607913 0.248214
0.181674 0.619912 0.242889
0.166066 0.598717 0.217796
0.181674 0.619912 0.242889
0.179082 0.631369 0.208473
0.184434 0.602759 0.186671
0.179082 0.631369 0.208473
0.211393 0.626452 0.192528
0.218347 0.590761 0.191996
0.211393 0.626452 0.192528
0.233956 0.611956 0.217089
0.215588 0.607913 0.248214
0.233956 0.611956 0.217089
0.209688 0.637053 0.227272
0.181674 0.619912 0.242889
0.215588 0.607913 0.248214
0.209688 0.637053 0.227272
0.179082 0.631369 0.208473
0.181674 0.619912 0.242889
0.209688 0.637053 0.227272
0.211393 0.626452 0.192528
0.179082 0.631369 0.208473
0.209688 0.637053 0.227272
0.233956 0.611956 0.217089
0.211393 0.626452 0.192528
0.209688 0.637053 0.227272
0.155265 0.468012 0.157138
0.195867 0.60108 0.198381
0.213348 0.59157 0.211855
0.172747 0.458502 0.170612
0.172747 0.458502 0.170612
0.213348 0.59157 0.211855
0.19829 0.590371 0.230547
0.157688 0.457303 0.189304
0.213348 0.59157 0.211855
0.195867 0.60108 0.198381
0.180808 0.599881 0.217073
0.19829 0.590371 0.230547
0.157688 0.457303 0.189304
0.19829 0.590371 0.230547
0.180808 0.599881 0.217073
0.140207 0.466813 0.17583
0.140207 0.466813 0.17583
0.180808 0.599881 0.217073
0.195867 0.60108 0.198381
0.155265 0.468012 0.157138
0.155265 0.468012 0.157138
0.172747 0.458502 0.170612
0.157688 0.457303 0.189304
0.140207 0.466813 0.17583
0.004535 -0.023068 -0.026932
0.11258 0.487134 -0.099106
0.156792 0.480798 -0.077715
0.048746 -0.029405 -0.005542
0.048746 -0.029405 -0.005542
0.156792 0.480798 -0.077715
0.109671 0.492204 -0.067622
0.001625 -0.017998 0.004551
0.156792 0.480798 -0.077715
0.11258 0.487134 -0.099106
0.065459 0.498541 -0.089013
0.109671 0.492204 -0.067622
0.001625 -0.017998 0.004551
0.109671 0.492204 -0.067622
0.065459 0.498541 -0.089013
-0.042587 -0.011662 -0.01684
-0.042587 -0.011662 -0.01684
0.065459 0.498541 -0.089013
0.11258 0.487134 -0.099106
0.004535 -0.023068 -0.026932
0.004535 -0.023068 -0.026932
0.048746 -0.029405 -0.005542
0.001625 -0.017998 0.004551
-0.042587 -0.011662 -0.01684
0.029179 0.501031 -0.07416
0.038141 0.543354 -0.080147
0.041466 0.537561 -0.116121
0.032503 0.495238 -0.110134
0.032503 0.495238 -0.110134
0.041466 0.537561 -0.116121
0.199134 0.506931 -0.096617
0.190171 0.464608 -0.09063
0.190171 0.464608 -0.09063
0.199134 0.506931 -0.096617
0.195809 0.512724 -0.060643
0.186846 0.470401 -0.054656
0.186846 0.470401 -0.054656
0.195809 0.512724 -0.060643
0.038141 0.543354 -0.080147
0.029179 0.501031 -0.07416
0.032503 0.495238 -0.110134
0.190171 0.464608 -0.09063
0.186846 0.470401 -0.054656
0.029179 0.501031 -0.07416
0.199134 0.506931 -0.096617
0.041466 0.537561 -0.116121
0.038141 0.543354 -0.080147
0.195809 0.512724 -0.060643
0.136532 0.609642 -0.100335
0.163192 0.62631 -0.082062
0.128467 0.634637 -0.075183
0.163192 0.62631 -0.082062
0.136532 0.609642 -0.100335
0.166496 0.620553 -0.117817
0.136532 0.609642 -0.100335
0.128467 0.634637 -0.075183
0.11031 0.634026 -0.106685
0.136532 0.609642 -0.100335
0.11031 0.634026 -0.106685
0.133814 0.625321 -0.133035
0.136532 0.609642 -0.100335
0.133814 0.625321 -0.133035
0.166496 0.620553 -0.117817
0.163192 0.62631 -0.082062
0.166496 0.620553 -0.117817
0.17695 0.652291 -0.103468
0.128467 0.634637 -0.075183
0.163192 0.62631 -0.082062
0.153446 0.660996 -0.077119
0.11031 0.634026 -0.106685
0.128467 0.634637 -0.075183
0.120764 0.665764 -0.092337
0.133814 0.625321 -0.133035
0.11031 0.634026 -0.106685
0.124068 0.660007 -0.128091
0.166496 0.620553 -0.117817
0.133814 0.625321 -0.133035
0.158793 0.65168 -0.134971
0.163192 0.62631 -0.082062
0.17695 0.652291 -0.103468
0.153446 0.660996 -0.077119
0.128467 0.634637 -0.075183
0.153446 0.660996 -0.077119
0.120764 0.665764 -0.092337
0.11031 0.634026 -0.106685
0.120764 0.665764 -0.092337
0.124068 0.660007 -0.128091
0.133814 0.625321 -0.133035
0.124068 0.660007 -0.128091
0.158793 0.65168 -0.134971
0.166496 0.620553 -0.117817
0.158793 0.65168 -0.134971
0.17695 0.652291 -0.103468
0.153446 0.660996 -0.077119
0.17695 0.652291 -0.103468
0.150728 0.676675 -0.109818
0.120764 0.665764 -0.092337
0.153446 0.660996 -0.077119
0.150728 0.676675 -0.109818
0.124068 0.660007 -0.128091
0.120764 0.665764 -0.092337
0.150728 0.676675 -0.109818
0.158793 0.65168 -0.134971
0.124068 0.660007 -0.128091
0.150728 0.676675 -0.109818
0.17695 0.652291 -0.103468
0.158793 0.65168 -0.134971
0.150728 0.676675 -0.109818
0.113244 0.489692 -0.100456
0.143023 0.630312 -0.120348
0.15804 0.629785 -0.101591
0.12826 0.489165 -0.081699
0.12826 0.489165 -0.081699
0.15804 0.629785 -0.101591
0.139935 0.635693 -0.086931
0.110156 0.495073 -0.067039
0.15804 0.629785 -0.101591
0.143023 0.630312 -0.120348
0.124919 0.63622 -0.105688
0.139935 0.635693 -0.086931
0.110156 0.495073 -0.067039
0.139935 0.635693 -0.086931
0.124919 0.63622 -0.105688
0.095139 0.495599 -0.085796
0.095139 0.495599 -0.085796
0.124919 0.63622 -0.105688
0.143023 0.630312 -0.120348
0.113244 0.489692 -0.100456
0.113244 0.489692 -0.100456
0.12826 0.489165 -0.081699
0.110156 0.495073 -0.067039
0.095139 0.495599 -0.085796

no_normals
0.375 0.784342
0.625 0.797765
0.625 0.925744
0.582388 0.954723
0.375 0.967467
0.625 0.797765
0.375 0.784342
0.375 0.714563
0.591839 0.69978
0.625 0.746113
0.375 0.524294
0.575741 0.533441
0.598021 0.551902
0.591839 0.69978
0.375 0.714563
0.625 0.0
0.625 0.175744
0.583743 0.21075
0.532012 0.186863
0.519451 0.041964
0.582388 0.0
0.625 0.324256
0.625 0.476846
0.598021 0.5
0.575741 0.5
0.535638 0.469385
0.536935 0.31527
0.583743 0.28925
0.575741 0.533441
0.375 0.524294
0.375 0.475042
0.535638 0.469385
0.125 0.553498
0.178563 0.5
0.350042 0.5
0.375 0.524294
0.375 0.714563
0.340658 0.75
0.157533 0.75
0.125 0.716672
0.648154 0.574256
0.648154 0.722959
0.591839 0.69978
0.598021 0.551902
0.648154 0.574256
0.800744 0.574256
0.800744 0.75
0.672765 0.75
0.648154 0.722959
0.389647 0.0
0.515813 0.0
0.519451 0.041964
0.375 0.033328
0.375 0.033328
0.519451 0.041964
0.532012 0.186863
0.375 0.196502
0.583926 0.247673
0.532012 0.186863
0.583743 0.21075
0.375 0.196502
0.532012 0.186863
0.536935 0.31527
0.375 0.303563
0.375 0.303563
0.536935 0.31527
0.535638 0.469385
0.375 0.475042
1.0 0.5
1.0 1.0
0.75 1.0
0.75 0.5
0.75 0.5
0.75 1.0
0.5 1.0
0.5 0.5
0.49 0.25
0.25 0.49
0.01 0.25
0.25 0.01
0.5 0.5
0.5 1.0
0.25 1.0
0.25 0.5
0.25 0.5
0.25 1.0
0.0 1.0
0.0 0.5
0.75 0.49
0.99 0.25
0.75 0.01
0.51 0.25
0.375 0.0
0.625 0.0
0.625 0.25
0.375 0.25
0.375 0.25
0.625 0.25
0.625 0.5
0.375 0.5
0.375 0.5
0.625 0.5
0.625 0.75
0.375 0.75
0.375 0.75
0.625 0.75
0.625 1.0
0.375 1.0
0.125 0.5
0.375 0.5
0.375 0.75
0.125 0.75
0.625 0.5
0.875 0.5
0.875 0.75
0.625 0.75
0.818181 0.0
0.727272 0.157461
0.90909 0.157461
0.727272 0.157461
0.636363 0.0
0.545454 0.157461
0.090909 0.0
0.0 0.157461
0.181818 0.157461
0.272727 0.0
0.181818 0.157461
0.363636 0.157461
0.454545 0.0
0.363636 0.157461
0.545454 0.157461
0.727272 0.157461
0.545454 0.157461
0.636363 0.314921
0.90909 0.157461
0.727272 0.157461
0.818181 0.314921
0.181818 0.157461
0.0 0.157461
0.090909 0.314921
0.363636 0.157461
0.181818 0.157461
0.272727 0.314921
0.545454 0.157461
0.363636 0.157461
0.454545 0.314921
0.727272 0.157461
0.636363 0.314921
0.818181 0.314921
0.90909 0.157461
0.818181 0.314921
1.0 0.314921
0.181818 0.157461
0.090909 0.314921
0.272727 0.314921
0.363636 0.157461
0.272727 0.314921
0.454545 0.314921
0.545454 0.157461
0.454545 0.314921
0.636363 0.314921
0.818181 0.314921
0.636363 0.314921
0.727272 0.472382
1.0 0.314921
0.818181 0.314921
0.90909 0.472382
0.272727 0.314921
0.090909 0.314921
0.181818 0.472382
0.454545 0.314921
0.272727 0.314921
0.363636 0.472382
0.636363 0.314921
0.454545 0.314921
0.545454 0.472382
1.0 0.5
1.0 1.0
0.75 1.0
0.75 0.5
0.75 0.5
0.75 1.0
0.5 1.0
0.5 0.5
0.49 0.25
0.25 0.49
0.01 0.25
0.25 0.01
0.5 0.5
0.5 1.0
0.25 1.0
0.25 0.5
0.25 0.5
0.25 1.0
0.0 1.0
0.0 0.5
0.75 0.49
0.99 0.25
0.75 0.01
0.51 0.25
1.0 0.5
1.0 1.0
0.75 1.0
0.75 0.5
0.75 0.5
0.75 1.0
0.5 1.0
0.5 0.5
0.49 0.25
0.25 0.49
0.01 0.25
0.25 0.01
0.5 0.5
0.5 1.0
0.25 1.0
0.25 0.5
0.25 0.5
0.25 1.0
0.0 1.0
0.0 0.5
0.75 0.49
0.99 0.25
0.75 0.01
0.51 0.25
0.375 0.0
0.625 0.0
0.625 0.25
0.375 0.25
0.375 0.25
0.625 0.25
0.625 0.5
0.375 0.5
0.375 0.5
0.625 0.5
0.625 0.75
0.375 0.75
0.375 0.75
0.625 0.75
0.625 1.0
0.375 1.0
0.125 0.5
0.375 0.5
0.375 0.75
0.125 0.75
0.625 0.5
0.875 0.5
0.875 0.75
0.625 0.75
0.818181 0.0
0.727272 0.157461
0.90909 0.157461
0.727272 0.157461
0.636363 0.0
0.545454 0.157461
0.090909 0.0
0.0 0.157461
0.181818 0.157461
0.272727 0.0
0.181818 0.157461
0.363636 0.157461
0.454545 0.0
0.363636 0.157461
0.545454 0.157461
0.727272 0.157461
0.545454 0.157461
0.636363 0.314921
0.90909 0.157461
0.727272 0.157461
0.818181 0.314921
0.181818 0.157461
0.0 0.157461
0.090909 0.314921
0.363636 0.157461
0.181818 0.157461
0.272727 0.314921
0.545454 0.157461
0.363636 0.157461
0.454545 0.314921
0.727272 0.157461
0.636363 0.314921
0.818181 0.314921
0.90909 0.157461
0.818181 0.314921
1.0 0.314921
0.181818 0.157461
0.090909 0.314921
0.272727 0.314921
0.363636 0.157461
0.272727 0.314921
0.454545 0.314921
0.545454 0.157461
0.454545 0.314921
0.636363 0.314921
0.818181 0.314921
0.636363 0.314921
0.727272 0.472382
1.0 0.314921
0.818181 0.314921
0.90909 0.472382
0.272727 0.314921
0.090909 0.314921
0.181818 0.472382
0.454545 0.314921
0.272727 0.314921
0.363636 0.472382
0.636363 0.314921
0.454545 0.314921
0.545454 0.472382
1.0 0.5
1.0 1.0
0.75 1.0
0.75 0.5
0.75 0.5
0.75 1.0
0.5 1.0
0.5 0.5
0.49 0.25
0.25 0.49
0.01 0.25
0.25 0.01
0.5 0.5
0.5 1.0
0.25 1.0
0.25 0.5
0.25 0.5
0.25 1.0
0.0 1.0
0.0 0.5
0.75 0.49
0.99 0.25
0.75 0.01
0.51 0.25
1.0 0.5
1.0 1.0
0.75 1.0
0.75 0.5
0.75 0.5
0.75 1.0
0.5 1.0
0.5 0.5
0.49 0.25
0.25 0.49
0.01 0.25
0.25 0.01
0.5 0.5
0.5 1.0
0.25 1.0
0.25 0.5
0.25 0.5
0.25 1.0
0.0 1.0
0.0 0.5
0.75 0.49
0.99 0.25
0.75 0.01
0.51 0.25
0.375 0.0
0.625 0.0
0.625 0.25
0.375 0.25
0.375 0.25
0.625 0.25
0.625 0.5
0.375 0.5
0.375 0.5
0.625 0.5
0.625 0.75
0.375 0.75
0.375 0.75
0.625 0.75
0.625 1.0
0.375 1.0
0.125 0.5
0.375 0.5
0.375 0.75
0.125 0.75
0.625 0.5
0.875 0.5
0.875 0.75
0.625 0.75
0.818181 0.0
0.727272 0.157461
0.90909 0.157461
0.727272 0.157461
0.636363 0.0
0.545454 0.157461
0.090909 0.0
0.0 0.157461
0.181818 0.157461
0.272727 0.0
0.181818 0.157461
0.363636 0.157461
0.454545 0.0
0.363636 0.157461
0.545454 0.157461
0.727272 0.157461
0.545454 0.157461
0.636363 0.314921
0.90909 0.157461
0.727272 0.157461
0.818181 0.314921
0.181818 0.157461
0.0 0.157461
0.090909 0.314921
0.363636 0.157461
0.181818 0.157461
0.272727 0.314921
0.545454 0.157461
0.363636 0.157461
0.454545 0.314921
0.727272 0.157461
0.636363 0.314921
0.818181 0.314921
0.90909 0.157461
0.818181 0.314921
1.0 0.314921
0.181818 0.157461
0.090909 0.314921
0.272727 0.314921
0.363636 0.157461
0.272727 0.314921
0.454545 0.314921
0.545454 0.157461
0.454545 0.314921
0.636363 0.314921
0.818181 0.314921
0.636363 0.314921
0.727272 0.472382
1.0 0.314921
0.818181 0.314921
0.90909 0.472382
0.272727 0.314921
0.090909 0.314921
0.181818 0.472382
0.454545 0.314921
0.272727 0.314921
0.363636 0.472382
0.636363 0.314921
0.454545 0.314921
0.545454 0.472382
1.0 0.5
1.0 1.0
0.75 1.0
0.75 0.5
0.75 0.5
0.75 1.0
0.5 1.0
0.5 0.5
0.49 0.25
0.25 0.49
0.01 0.25
0.25 0.01
0.5 0.5
0.5 1.0
0.25 1.0
0.25 0.5
0.25 0.5
0.25 1.0
0.0 1.0
0.0 0.5
0.75 0.49
0.99 0.25
0.75 0.01
0.51 0.25

0.288901 0.284895 0.329891 1.0
0.288901 0.284895 0.329891 1.0
0.288901 0.284895 0.329891 1.0
0.288901 0.284895 0.329891 1.0
0.288901 0.284895 0.329891 1.0
0.288901 0.284895 0.329891 1.0
0.288901 0.284895 0.329891 1.0
0.288901 0.284895 0.329891 1.0
0.288901 0.284895 0.329891 1.0
0.288901 0.284895 0.329891 1.0
0.288901 0.284895 0.329891 1.0
0.288901 0.284895 0.329891 1.0
0.288901 0.284895 0.329891 1.0
0.288901 0.284895 0.329891 1.0
0.288901 0.284895 0.329891 1.0
0.288901 0.284895 0.329891 1.0
0.288901 0.284895 0.329891 1.0
0.288901 0.284895 0.329891 1.0
0.288901 0.284895 0.329891 1.0
0.288901 0.284895 0.329891 1.0
0.288901 0.284895 0.329891 1.0
0.288901 0.284895 0.329891 1.0
0.288901 0.284895 0.329891 1.0
0.288901 0.284895 0.329891 1.0
0.288901 0.284895 0.329891 1.0
0.288901 0.284895 0.329891 1.0
0.288901 0.284895 0.329891 1.0
0.288901 0.284895 0.329891 1.0
0.288901 0.284895 0.329891 1.0
0.288901 0.284895 0.329891 1.0
0.288901 0.284895 0.329891 1.0
0.288901 0.284895 0.329891 1.0
0.288901 0.284895 0.329891 1.0
0.288901 0.284895 0.329891 1.0
0.288901 0.284895 0.329891 1.0
0.288901 0.284895 0.329891 1.0
0.288901 0.284895 0.329891 1.0
0.288901 0.284895 0.329891 1.0
0.288901 0.284895 0.329891 1.0
0.288901 0.284895 0.329891 1.0
0.288901 0.284895 0.329891 1.0
0.288901 0.284895 0.329891 1.0
0.288901 0.284895 0.329891 1.0
0.288901 0.284895 0.329891 1.0
0.288901 0.284895 0.329891 1.0
0.288901 0.284895 0.329891 1.0
0.288901 0.284895 0.329891 1.0
0.288901 0.284895 0.329891 1.0
0.288901 0.284895 0.329891 1.0
0.288901 0.284895 0.329891 1.0
0.288901 0.284895 0.329891 1.0
0.288901 0.284895 0.329891 1.0
0.288901 0.284895 0.329891 1.0
0.288901 0.284895 0.329891 1.0
0.288901 0.284895 0.329891 1.0
0.288901 0.284895 0.329891 1.0
0.288901 0.284895 0.329891 1.0
0.288901 0.284895 0.329891 1.0
0.288901 0.284895 0.329891 1.0
0.288901 0.284895 0.329891 1.0
0.288901 0.284895 0.329891 1.0
0.288901 0.284895 0.329891 1.0
0.288901 0.284895 0.329891 1.0
0.288901 0.284895 0.329891 1.0
0.288901 0.284895 0.329891 1.0
0.288901 0.284895 0.329891 1.0
0.288901 0.284895 0.329891 1.0
0.288901 0.284895 0.329891 1.0
0.466707 0.505984 0.635095 1.0
0.466707 0.505984 0.635095 1.0
0.466707 0.505984 0.635095 1.0
0.466707 0.505984 0.635095 1.0
0.466707 0.505984 0.635095 1.0
0.466707 0.505984 0.635095 1.0
0.466707 0.505984 0.635095 1.0
0.466707 0.505984 0.635095 1.0
0.466707 0.505984 0.635095 1.0
0.466707 0.505984 0.635095 1.0
0.466707 0.505984 0.635095 1.0
0.466707 0.505984 0.635095 1.0
0.466707 0.505984 0.635095 1.0
0.466707 0.505984 0.635095 1.0
0.466707 0.505984 0.635095 1.0
0.466707 0.505984 0.635095 1.0
0.466707 0.505984 0.635095 1.0
0.466707 0.505984 0.635095 1.0
0.466707 0.505984 0.635095 1.0
0.466707 0.505984 0.635095 1.0
0.466707 0.505984 0.635095 1.0
0.466707 0.505984 0.635095 1.0
0.466707 0.505984 0.635095 1.0
0.466707 0.505984 0.635095 1.0
0.96388 0.640472 0.016122 1.0
0.96388 0.640472 0.016122 1.0
0.96388 0.640472 0.016122 1.0
0.96388 0.640472 0.016122 1.0
0.96388 0.640472 0.016122 1.0
0.96388 0.640472 0.016122 1.0
0.96388 0.640472 0.016122 1.0
0.96388 0.640472 0.016122 1.0
0.96388 0.640472 0.016122 1.0
0.96388 0.640472 0.016122 1.0
0.96388 0.640472 0.016122 1.0
0.96388 0.640472 0.016122 1.0
0.96388 0.640472 0.016122 1.0
0.96388 0.640472 0.016122 1.0
0.96388 0.640472 0.016122 1.0
0.96388 0.640472 0.016122 1.0
0.96388 0.640472 0.016122 1.0
0.96388 0.640472 0.016122 1.0
0.96388 0.640472 0.016122 1.0
0.96388 0.640472 0.016122 1.0
0.96388 0.640472 0.016122 1.0
0.96388 0.640472 0.016122 1.0
0.96388 0.640472 0.016122 1.0
0.96388 0.640472 0.016122 1.0
0.96388 0.640472 0.016122 1.0
0.96388 0.640472 0.016122 1.0
0.96388 0.640472 0.016122 1.0
0.96388 0.640472 0.016122 1.0
0.96388 0.640472 0.016122 1.0
0.96388 0.640472 0.016122 1.0
0.96388 0.640472 0.016122 1.0
0.96388 0.640472 0.016122 1.0
0.96388 0.640472 0.016122 1.0
0.96388 0.640472 0.016122 1.0
0.96388 0.640472 0.016122 1.0
0.96388 0.640472 0.016122 1.0
0.96388 0.640472 0.016122 1.0
0.96388 0.640472 0.016122 1.0
0.96388 0.640472 0.016122 1.0
0.96388 0.640472 0.016122 1.0
0.96388 0.640472 0.016122 1.0
0.96388 0.640472 0.016122 1.0
0.96388 0.640472 0.016122 1.0
0.96388 0.640472 0.016122 1.0
0.96388 0.640472 0.016122 1.0
0.96388 0.640472 0.016122 1.0
0.96388 0.640472 0.016122 1.0
0.96388 0.640472 0.016122 1.0
0.96388 0.640472 0.016122 1.0
0.96388 0.640472 0.016122 1.0
0.96388 0.640472 0.016122 1.0
0.96388 0.640472 0.016122 1.0
0.96388 0.640472 0.016122 1.0
0.96388 0.640472 0.016122 1.0
0.96388 0.640472 0.016122 1.0
0.96388 0.640472 0.016122 1.0
0.96388 0.640472 0.016122 1.0
0.96388 0.640472 0.016122 1.0
0.96388 0.640472 0.016122 1.0
0.96388 0.640472 0.016122 1.0
0.96388 0.640472 0.016122 1.0
0.96388 0.640472 0.016122 1.0
0.96388 0.640472 0.016122 1.0
0.96388 0.640472 0.016122 1.0
0.96388 0.640472 0.016122 1.0
0.96388 0.640472 0.016122 1.0
0.96388 0.640472 0.016122 1.0
0.96388 0.640472 0.016122 1.0
0.96388 0.640472 0.016122 1.0
0.96388 0.640472 0.016122 1.0
0.96388 0.640472 0.016122 1.0
0.96388 0.640472 0.016122 1.0
0.96388 0.640472 0.016122 1.0
0.96388 0.640472 0.016122 1.0
0.96388 0.640472 0.016122 1.0
0.96388 0.640472 0.016122 1.0
0.96388 0.640472 0.016122 1.0
0.96388 0.640472 0.016122 1.0
0.96388 0.640472 0.016122 1.0
0.96388 0.640472 0.016122 1.0
0.96388 0.640472 0.016122 1.0
0.96388 0.640472 0.016122 1.0
0.96388 0.640472 0.016122 1.0
0.96388 0.640472 0.016122 1.0
1.0 0.050374 0.037295 1.0
1.0 0.050374 0.037295 1.0
1.0 0.050374 0.037295 1.0
1.0 0.050374 0.037295 1.0
1.0 0.050374 0.037295 1.0
1.0 0.050374 0.037295 1.0
1.0 0.050374 0.037295 1.0
1.0 0.050374 0.037295 1.0
1.0 0.050374 0.037295 1.0
1.0 0.050374 0.037295 1.0
1.0 0.050374 0.037295 1.0
1.0 0.050374 0.037295 1.0
1.0 0.050374 0.037295 1.0
1.0 0.050374 0.037295 1.0
1.0 0.050374 0.037295 1.0
1.0 0.050374 0.037295 1.0
1.0 0.050374 0.037295 1.0
1.0 0.050374 0.037295 1.0
1.0 0.050374 0.037295 1.0
1.0 0.050374 0.037295 1.0
1.0 0.050374 0.037295 1.0
1.0 0.050374 0.037295 1.0
1.0 0.050374 0.037295 1.0
1.0 0.050374 0.037295 1.0
0.466707 0.505984 0.635095 1.0
0.466707 0.505984 0.635095 1.0
0.466707 0.505984 0.635095 1.0
0.466707 0.505984 0.635095 1.0
0.466707 0.505984 0.635095 1.0
0.466707 0.505984 0.635095 1.0
0.466707 0.505984 0.635095 1.0
0.466707 0.505984 0.635095 1.0
0.466707 0.505984 0.635095 1.0
0.466707 0.505984 0.635095 1.0
0.466707 0.505984 0.635095 1.0
0.466707 0.505984 0.635095 1.0
0.466707 0.505984 0.635095 1.0
0.466707 0.505984 0.635095 1.0
0.466707 0.505984 0.635095 1.0
0.466707 0.505984 0.635095 1.0
0.466707 0.505984 0.635095 1.0
0.466707 0.505984 0.635095 1.0
0.466707 0.505984 0.635095 1.0
0.466707 0.505984 0.635095 1.0
0.466707 0.505984 0.635095 1.0
0.466707 0.505984 0.635095 1.0
0.466707 0.505984 0.635095 1.0
0.466707 0.505984 0.635095 1.0
0.96388 0.640472 0.016122 1.0
0.96388 0.640472 0.016122 1.0
0.96388 0.640472 0.016122 1.0
0.96388 0.640472 0.016122 1.0
0.96388 0.640472 0.016122 1.0
0.96388 0.640472 0.016122 1.0
0.96388 0.640472 0.016122 1.0
0.96388 0.640472 0.016122 1.0
0.96388 0.640472 0.016122 1.0
0.96388 0.640472 0.016122 1.0
0.96388 0.640472 0.016122 1.0
0.96388 0.640472 0.016122 1.0
0.96388 0.640472 0.016122 1.0
0.96388 0.640472 0.016122 1.0
0.96388 0.640472 0.016122 1.0
0.96388 0.640472 0.016122 1.0
0.96388 0.640472 0.016122 1.0
0.96388 0.640472 0.016122 1.0
0.96388 0.640472 0.016122 1.0
0.96388 0.640472 0.016122 1.0
0.96388 0.640472 0.016122 1.0
0.96388 0.640472 0.016122 1.0
0.96388 0.640472 0.016122 1.0
0.96388 0.640472 0.016122 1.0
0.96388 0.640472 0.016122 1.0
0.96388 0.640472 0.016122 1.0
0.96388 0.640472 0.016122 1.0
0.96388 0.640472 0.016122 1.0
0.96388 0.640472 0.016122 1.0
0.96388 0.640472 0.016122 1.0
0.96388 0.640472 0.016122 1.0
0.96388 0.640472 0.016122 1.0
0.96388 0.640472 0.016122 1.0
0.96388 0.640472 0.016122 1.0
0.96388 0.640472 0.016122 1.0
0.96388 0.640472 0.016122 1.0
0.96388 0.640472 0.016122 1.0
0.96388 0.640472 0.016122 1.0
0.96388 0.640472 0.016122 1.0
0.96388 0.640472 0.016122 1.0
0.96388 0.640472 0.016122 1.0
0.96388 0.640472 0.016122 1.0
0.96388 0.640472 0.016122 1.0
0.96388 0.640472 0.016122 1.0
0.96388 0.640472 0.016122 1.0
0.96388 0.640472 0.016122 1.0
0.96388 0.640472 0.016122 1.0
0.96388 0.640472 0.016122 1.0
0.96388 0.640472 0.016122 1.0
0.96388 0.640472 0.016122 1.0
0.96388 0.640472 0.016122 1.0
0.96388 0.640472 0.016122 1.0
0.96388 0.640472 0.016122 1.0
0.96388 0.640472 0.016122 1.0
0.96388 0.640472 0.016122 1.0
0.96388 0.640472 0.016122 1.0
0.96388 0.640472 0.016122 1.0
0.96388 0.640472 0.016122 1.0
0.96388 0.640472 0.016122 1.0
0.96388 0.640472 0.016122 1.0
0.96388 0.640472 0.016122 1.0
0.96388 0.640472 0.016122 1.0
0.96388 0.640472 0.016122 1.0
0.96388 0.640472 0.016122 1.0
0.96388 0.640472 0.016122 1.0
0.96388 0.640472 0.016122 1.0
0.96388 0.640472 0.016122 1.0
0.96388 0.640472 0.016122 1.0
0.96388 0.640472 0.016122 1.0
0.96388 0.640472 0.016122 1.0
0.96388 0.640472 0.016122 1.0
0.96388 0.640472 0.016122 1.0
0.96388 0.640472 0.016122 1.0
0.96388 0.640472 0.016122 1.0
0.96388 0.640472 0.016122 1.0
0.96388 0.640472 0.016122 1.0
0.96388 0.640472 0.016122 1.0
0.96388 0.640472 0.016122 1.0
0.96388 0.640472 0.016122 1.0
0.96388 0.640472 0.016122 1.0
0.96388 0.640472 0.016122 1.0
0.96388 0.640472 0.016122 1.0
0.96388 0.640472 0.016122 1.0
0.96388 0.640472 0.016122 1.0
1.0 0.050374 0.037295 1.0
1.0 0.050374 0.037295 1.0
1.0 0.050374 0.037295 1.0
1.0 0.050374 0.037295 1.0
1.0 0.050374 0.037295 1.0
1.0 0.050374 0.037295 1.0
1.0 0.050374 0.037295 1.0
1.0 0.050374 0.037295 1.0
1.0 0.050374 0.037295 1.0
1.0 0.050374 0.037295 1.0
1.0 0.050374 0.037295 1.0
1.0 0.050374 0.037295 1.0
1.0 0.050374 0.037295 1.0
1.0 0.050374 0.037295 1.0
1.0 0.050374 0.037295 1.0
1.0 0.050374 0.037295 1.0
1.0 0.050374 0.037295 1.0
1.0 0.050374 0.037295 1.0
1.0 0.050374 0.037295 1.0
1.0 0.050374 0.037295 1.0
1.0 0.050374 0.037295 1.0
1.0 0.050374 0.037295 1.0
1.0 0.050374 0.037295 1.0
1.0 0.050374 0.037295 1.0
0.466707 0.505984 0.635095 1.0
0.466707 0.505984 0.635095 1.0
0.466707 0.505984 0.635095 1.0
0.466707 0.505984 0.635095 1.0
0.466707 0.505984 0.635095 1.0
0.466707 0.505984 0.635095 1.0
0.466707 0.505984 0.635095 1.0
0.466707 0.505984 0.635095 1.0
0.466707 0.505984 0.635095 1.0
0.466707 0.505984 0.635095 1.0
0.466707 0.505984 0.635095 1.0
0.466707 0.505984 0.635095 1.0
0.466707 0.505984 0.635095 1.0
0.466707 0.505984 0.635095 1.0
0.466707 0.505984 0.635095 1.0
0.466707 0.505984 0.635095 1.0
0.466707 0.505984 0.635095 1.0
0.466707 0.505984 0.635095 1.0
0.466707 0.505984 0.635095 1.0
0.466707 0.505984 0.635095 1.0
0.466707 0.505984 0.635095 1.0
0.466707 0.505984 0.635095 1.0
0.466707 0.505984 0.635095 1.0
0.466707 0.505984 0.635095 1.0
0.96388 0.640472 0.016122 1.0
0.96388 0.640472 0.016122 1.0
0.96388 0.640472 0.016122 1.0
0.96388 0.640472 0.016122 1.0
0.96388 0.640472 0.016122 1.0
0.96388 0.640472 0.016122 1.0
0.96388 0.640472 0.016122 1.0
0.96388 0.640472 0.016122 1.0
0.96388 0.640472 0.016122 1.0
0.96388 0.640472 0.016122 1.0
0.96388 0.640472 0.016122 1.0
0.96388 0.640472 0.016122 1.0
0.96388 0.640472 0.016122 1.0
0.96388 0.640472 0.016122 1.0
0.96388 0.640472 0.016122 1.0
0.96388 0.640472 0.016122 1.0
0.96388 0.640472 0.016122 1.0
0.96388 0.640472 0.016122 1.0
0.96388 0.640472 0.016122 1.0
0.96388 0.640472 0.016122 1.0
0.96388 0.640472 0.016122 1.0
0.96388 0.640472 0.016122 1.0
0.96388 0.640472 0.016122 1.0
0.96388 0.640472 0.016122 1.0
0.96388 0.640472 0.016122 1.0
0.96388 0.640472 0.016122 1.0
0.96388 0.640472 0.016122 1.0
0.96388 0.640472 0.016122 1.0
0.96388 0.640472 0.016122 1.0
0.96388 0.640472 0.016122 1.0
0.96388 0.640472 0.016122 1.0
0.96388 0.640472 0.016122 1.0
0.96388 0.640472 0.016122 1.0
0.96388 0.640472 0.016122 1.0
0.96388 0.640472 0.016122 1.0
0.96388 0.640472 0.016122 1.0
0.96388 0.640472 0.016122 1.0
0.96388 0.640472 0.016122 1.0
0.96388 0.640472 0.016122 1.0
0.96388 0.640472 0.016122 1.0
0.96388 0.640472 0.016122 1.0
0.96388 0.640472 0.016122 1.0
0.96388 0.640472 0.016122 1.0
0.96388 0.640472 0.016122 1.0
0.96388 0.640472 0.016122 1.0
0.96388 0.640472 0.016122 1.0
0.96388 0.640472 0.016122 1.0
0.96388 0.640472 0.016122 1.0
0.96388 0.640472 0.016122 1.0
0.96388 0.640472 0.016122 1.0
0.96388 0.640472 0.016122 1.0
0.96388 0.640472 0.016122 1.0
0.96388 0.640472 0.016122 1.0
0.96388 0.640472 0.016122 1.0
0.96388 0.640472 0.016122 1.0
0.96388 0.640472 0.016122 1.0
0.96388 0.640472 0.016122 1.0
0.96388 0.640472 0.016122 1.0
0.96388 0.640472 0.016122 1.0
0.96388 0.640472 0.016122 1.0
0.96388 0.640472 0.016122 1.0
0.96388 0.640472 0.016122 1.0
0.96388 0.640472 0.016122 1.0
0.96388 0.640472 0.016122 1.0
0.96388 0.640472 0.016122 1.0
0.96388 0.640472 0.016122 1.0
0.96388 0.640472 0.016122 1.0
0.96388 0.640472 0.016122 1.0
0.96388 0.640472 0.016122 1.0
0.96388 0.640472 0.016122 1.0
0.96388 0.640472 0.016122 1.0
0.96388 0.640472 0.016122 1.0
0.96388 0.640472 0.016122 1.0
0.96388 0.640472 0.016122 1.0
0.96388 0.640472 0.016122 1.0
0.96388 0.640472 0.016122 1.0
0.96388 0.640472 0.016122 1.0
0.96388 0.640472 0.016122 1.0
0.96388 0.640472 0.016122 1.0
0.96388 0.640472 0.016122 1.0
0.96388 0.640472 0.016122 1.0
0.96388 0.640472 0.016122 1.0
0.96388 0.640472 0.016122 1.0
0.96388 0.640472 0.016122 1.0
1.0 0.050374 0.037295 1.0
1.0 0.050374 0.037295 1.0
1.0 0.050374 0.037295 1.0
1.0 0.050374 0.037295 1.0
1.0 0.050374 0.037295 1.0
1.0 0.050374 0.037295 1.0
1.0 0.050374 0.037295 1.0
1.0 0.050374 0.037295 1.0
1.0 0.050374 0.037295 1.0
1.0 0.050374 0.037295 1.0
1.0 0.050374 0.037295 1.0
1.0 0.050374 0.037295 1.0
1.0 0.050374 0.037295 1.0
1.0 0.050374 0.037295 1.0
1.0 0.050374 0.037295 1.0
1.0 0.050374 0.037295 1.0
1.0 0.050374 0.037295 1.0
1.0 0.050374 0.037295 1.0
1.0 0.050374 0.037295 1.0
1.0 0.050374 0.037295 1.0
1.0 0.050374 0.037295 1.0
1.0 0.050374 0.037295 1.0
1.0 0.050374 0.037295 1.0
1.0 0.050374 0.037295 1.0

4 3 2
4 2 1
4 1 0
9 8 7
9 7 6
9 6 5
14 13 12
14 12 11
14 11 10
20 19 18
20 18 17
20 17 16
20 16 15
27 26 25
27 25 24
27 24 23
27 23 22
27 22 21
31 30 29
31 29 28
39 38 37
39 37 36
39 36 35
39 35 34
39 34 33
39 33 32
43 42 41
43 41 40
48 47 46
48 46 45
48 45 44
52 51 50
52 50 49
56 55 54
56 54 53
59 58 57
63 62 61
63 61 60
67 66 65
67 65 64
71 70 69
71 69 68
75 74 73
75 73 72
79 78 77
79 77 76
83 82 81
83 81 80
87 86 85
87 85 84
91 90 89
91 89 88
95 94 93
95 93 92
99 98 97
99 97 96
103 102 101
103 101 100
107 106 105
107 105 104
111 110 109
111 109 108
115 114 113
115 113 112
118 117 116
121 120 119
124 123 122
127 126 125
130 129 128
133 132 131
136 135 134
139 138 137
142 141 140
145 144 143
148 147 146
151 150 149
154 153 152
157 156 155
160 159 158
163 162 161
166 165 164
169 168 167
172 171 170
175 174 173
179 178 177
179 177 176
183 182 181
183 181 180
187 186 185
187 185 184
191 190 189
191 189 188
195 194 193
195 193 192
199 198 197
199 197 196
203 202 201
203 201 200
207 206 205
207 205 204
211 210 209
211 209 208
215 214 213
215 213 212
219 218 217
219 217 216
223 222 221
223 221 220
227 226 225
227 225 224
231 230 229
231 229 228
235 234 233
235 233 232
239 238 237
239 237 236
243 242 241
243 241 240
247 246 245
247 245 244
250 249 248
253 252 251
256 255 254
259 258 257
262 261 260
265 264 263
268 267 266
271 270 269
274 273 272
277 276 275
280 279 278
283 282 281
286 285 284
289 288 287
292 291 290
295 294 293
298 297 296
301 300 299
304 303 302
307 306 305
311 310 309
311 309 308
315 314 313
315 313 312
319 318 317
319 317 316
323 322 321
323 321 320
327 326 325
327 325 324
331 330 329
331 329 328
335 334 333
335 333 332
339 338 337
339 337 336
343 342 341
343 341 340
347 346 345
347 345 344
351 350 349
351 349 348
355 354 353
355 353 352
359 358 357
359 357 356
363 362 361
363 361 360
367 366 365
367 365 364
371 370 369
371 369 368
375 374 373
375 373 372
379 378 377
379 377 376
382 381 380
385 384 383
388 387 386
391 390 389
394 393 392
397 396 395
400 399 398
403 402 401
406 405 404
409 408 407
412 411 410
415 414 413
418 417 416
421 420 419
424 423 422
427 426 425
430 429 428
433 432 431
436 435 434
439 438 437
443 442 441
443 441 440
447 446 445
447 445 444
451 450 449
451 449 448
455 454 453
455 453 452
459 458 457
459 457 456
463 462 461
463 461 460
