19 20

-0.5 0 -0.5
-0.5 0 0.5
0.5 0 0.5
0.5 0 -0.5

-0.31 2 -0.3
-0.29 2 0.3
0.25 2 0.3
0.3 2 -0.3

0 4 0

-1 1.7 -1
-1 1.8 1
1 1.5 1
1 1.65 -1
0 2.75 0

-0.8 2.7 -0.8
-0.8 2.8 0.8
0.8 2.5 0.8
0.8 2.65 -0.8
0 4 0

no_normals

0 0
0 0
0 0
0 0

0 0
0 0
0 0
0 0

0 0

0 0
0 0
0 0
0 0
0 0

0 0
0 0
0 0
0 0
0 0


0.4 0.15 0.3 1.0
0.4 0.15 0.3 1.0
0.4 0.15 0.3 1.0
0.4 0.15 0.3 1.0
0.25 0.15 0.1 1.0
0.27 0.2 0.11 1.0
0.25 0.15 0.1 1.0
0.24 0.13 0.08 1.0
0.1 0.06 0.04 1.0

0.3 0.5 0.2 1.0
0.3 0.5 0.2 1.0
0.3 0.5 0.2 1.0
0.3 0.5 0.2 1.0
0.15 0.25 0.1 1.0
0.3 0.5 0.2 1.0
0.3 0.5 0.2 1.0
0.3 0.5 0.2 1.0
0.3 0.5 0.2 1.0
0.15 0.25 0.1 1.0


0 7 4
0 3 7
3 6 7
3 2 6
1 4 5
1 0 4
2 5 6
2 1 5
4 7 8
7 6 8
6 5 8
5 4 8

9 12 13
12 11 13
11 10 13
10 9 13

14 17 18
17 16 18
16 15 18
15 14 18