412 208 

0.0 0.0 -0.25
0.0 0.312178 -0.25
0.216506 0.312178 -0.125
0.216506 0.0 -0.125
0.216506 0.0 -0.125
0.216506 0.312178 -0.125
0.216506 0.312178 0.125
0.216506 0.0 0.125
0.216506 0.0 0.125
0.216506 0.312178 0.125
-0.0 0.312178 0.25
-0.0 0.0 0.25
-0.0 0.0 0.25
-0.0 0.312178 0.25
-0.216506 0.312178 0.125
-0.216506 0.0 0.125
0.216506 0.312178 0.125
0.216506 0.312178 -0.125
0.245903 0.35551 -0.141972
0.245903 0.35551 0.141972
-0.216506 0.0 0.125
-0.216506 0.312178 0.125
-0.216506 0.312178 -0.125
-0.216506 0.0 -0.125
-0.216506 0.0 -0.125
-0.216506 0.312178 -0.125
0.0 0.312178 -0.25
0.0 0.0 -0.25
0.0 0.0 -0.25
0.216506 0.0 -0.125
0.216506 0.0 0.125
-0.0 0.0 0.25
-0.216506 0.0 0.125
-0.216506 0.0 -0.125
-0.0 0.35551 0.283944
0.245903 0.35551 0.141972
0.215852 0.401996 0.124623
-0.0 0.401996 0.249245
-0.216506 0.312178 -0.125
-0.216506 0.312178 0.125
-0.245903 0.35551 0.141972
-0.245903 0.35551 -0.141972
0.216506 0.312178 -0.125
0.0 0.312178 -0.25
0.0 0.35551 -0.283944
0.245903 0.35551 -0.141972
-0.0 0.312178 0.25
0.216506 0.312178 0.125
0.245903 0.35551 0.141972
-0.0 0.35551 0.283944
0.0 0.312178 -0.25
-0.216506 0.312178 -0.125
-0.245903 0.35551 -0.141972
0.0 0.35551 -0.283944
-0.216506 0.312178 0.125
-0.0 0.312178 0.25
-0.0 0.35551 0.283944
-0.245903 0.35551 0.141972
0.215852 0.401996 -0.124622
0.0 0.401996 -0.249245
-0.215852 0.401996 -0.124622
-0.215852 0.401996 0.124622
-0.0 0.401996 0.249245
0.215852 0.401996 0.124623
0.245903 0.35551 -0.141972
0.0 0.35551 -0.283944
0.0 0.401996 -0.249245
0.215852 0.401996 -0.124622
0.0 0.35551 -0.283944
-0.245903 0.35551 -0.141972
-0.215852 0.401996 -0.124622
0.0 0.401996 -0.249245
-0.245903 0.35551 0.141972
-0.0 0.35551 0.283944
-0.0 0.401996 0.249245
-0.215852 0.401996 0.124622
0.245903 0.35551 0.141972
0.245903 0.35551 -0.141972
0.215852 0.401996 -0.124622
0.215852 0.401996 0.124623
-0.245903 0.35551 -0.141972
-0.245903 0.35551 0.141972
-0.215852 0.401996 0.124622
-0.215852 0.401996 -0.124622
-0.077802 0.392013 0.077802
-0.06177 0.485289 0.06177
-0.06177 0.485289 -0.06177
-0.077802 0.392013 -0.077802
-0.077802 0.392013 -0.077802
-0.06177 0.485289 -0.06177
0.06177 0.485289 -0.06177
0.077802 0.392013 -0.077802
0.077802 0.392013 -0.077802
0.06177 0.485289 -0.06177
0.06177 0.485289 0.06177
0.077802 0.392013 0.077802
0.077802 0.392013 0.077802
0.06177 0.485289 0.06177
-0.06177 0.485289 0.06177
-0.077802 0.392013 0.077802
-0.077802 0.392013 -0.077802
0.077802 0.392013 -0.077802
0.077802 0.392013 0.077802
-0.077802 0.392013 0.077802
-0.027718 0.485289 0.027718
0.027718 0.485289 0.027718
0.027718 0.586317 0.027718
-0.027718 0.586317 0.027718
-0.027718 0.485289 0.027718
-0.027718 0.485289 -0.027718
-0.06177 0.485289 -0.06177
-0.06177 0.485289 0.06177
-0.027718 0.485289 -0.027718
0.027718 0.485289 -0.027718
0.06177 0.485289 -0.06177
-0.06177 0.485289 -0.06177
0.027718 0.485289 -0.027718
0.027718 0.485289 0.027718
0.06177 0.485289 0.06177
0.06177 0.485289 -0.06177
0.027718 0.485289 0.027718
-0.027718 0.485289 0.027718
-0.06177 0.485289 0.06177
0.06177 0.485289 0.06177
0.027718 0.586317 0.027718
0.027718 0.586317 -0.027718
0.08778 0.643996 -0.08778
0.08778 0.643996 0.08778
0.027718 0.485289 -0.027718
-0.027718 0.485289 -0.027718
-0.027718 0.586317 -0.027718
0.027718 0.586317 -0.027718
0.027718 0.485289 0.027718
0.027718 0.485289 -0.027718
0.027718 0.586317 -0.027718
0.027718 0.586317 0.027718
-0.027718 0.485289 -0.027718
-0.027718 0.485289 0.027718
-0.027718 0.586317 0.027718
-0.027718 0.586317 -0.027718
0.08778 0.643996 0.08778
0.08778 0.643996 -0.08778
0.101143 0.774781 -0.101143
0.101143 0.774781 0.101143
-0.027718 0.586317 -0.027718
-0.027718 0.586317 0.027718
-0.08778 0.643996 0.08778
-0.08778 0.643996 -0.08778
-0.027718 0.586317 0.027718
0.027718 0.586317 0.027718
0.08778 0.643996 0.08778
-0.08778 0.643996 0.08778
0.027718 0.586317 -0.027718
-0.027718 0.586317 -0.027718
-0.08778 0.643996 -0.08778
0.08778 0.643996 -0.08778
0.065607 0.774781 0.065607
0.065607 0.774781 -0.065607
0.053828 0.695059 -0.053828
0.053828 0.695059 0.053828
-0.08778 0.643996 -0.08778
-0.08778 0.643996 0.08778
-0.101143 0.774781 0.101143
-0.101143 0.774781 -0.101143
-0.08778 0.643996 0.08778
0.08778 0.643996 0.08778
0.101143 0.774781 0.101143
-0.101143 0.774781 0.101143
0.08778 0.643996 -0.08778
-0.08778 0.643996 -0.08778
-0.101143 0.774781 -0.101143
0.101143 0.774781 -0.101143
-0.065607 0.774781 0.065607
-0.065607 0.774781 -0.065607
-0.101143 0.774781 -0.101143
-0.101143 0.774781 0.101143
-0.065607 0.774781 -0.065607
0.065607 0.774781 -0.065607
0.101143 0.774781 -0.101143
-0.101143 0.774781 -0.101143
0.065607 0.774781 -0.065607
0.065607 0.774781 0.065607
0.101143 0.774781 0.101143
0.101143 0.774781 -0.101143
0.065607 0.774781 0.065607
-0.065607 0.774781 0.065607
-0.101143 0.774781 0.101143
0.101143 0.774781 0.101143
0.053828 0.695059 -0.053828
-0.053828 0.695059 -0.053828
-0.053828 0.695059 0.053828
0.053828 0.695059 0.053828
-0.065607 0.774781 -0.065607
-0.065607 0.774781 0.065607
-0.053828 0.695059 0.053828
-0.053828 0.695059 -0.053828
-0.065607 0.774781 0.065607
0.065607 0.774781 0.065607
0.053828 0.695059 0.053828
-0.053828 0.695059 0.053828
0.065607 0.774781 -0.065607
-0.065607 0.774781 -0.065607
-0.053828 0.695059 -0.053828
0.053828 0.695059 -0.053828
-0.01712 0.731122 -0.081552
-0.01712 0.765363 -0.081552
-0.01712 0.765363 -0.125917
-0.01712 0.731122 -0.125917
0.01712 0.731122 -0.125917
-0.01712 0.731122 -0.125917
-0.01712 0.685894 -0.125917
0.01712 0.685894 -0.125917
0.01712 0.731122 -0.125917
0.01712 0.765363 -0.125917
0.01712 0.765363 -0.081552
0.01712 0.731122 -0.081552
-0.01712 0.731122 -0.155823
-0.01712 0.765363 -0.155823
0.01712 0.765363 -0.155823
0.01712 0.731122 -0.155823
-0.01712 0.731122 -0.125917
0.01712 0.731122 -0.125917
0.01712 0.731122 -0.081552
-0.01712 0.731122 -0.081552
0.01712 0.765363 -0.125917
-0.01712 0.765363 -0.125917
-0.01712 0.765363 -0.081552
0.01712 0.765363 -0.081552
-0.01712 0.765363 -0.125917
0.01712 0.765363 -0.125917
0.01712 0.765363 -0.155823
-0.01712 0.765363 -0.155823
-0.01712 0.731122 -0.125917
-0.01712 0.765363 -0.125917
-0.01712 0.765363 -0.155823
-0.01712 0.731122 -0.155823
0.01712 0.765363 -0.125917
0.01712 0.731122 -0.125917
0.01712 0.731122 -0.155823
0.01712 0.765363 -0.155823
-0.01712 0.685894 -0.125917
-0.01712 0.685894 -0.155823
-0.01712 0.67353 -0.155823
-0.01712 0.66167 -0.125917
-0.01712 0.731122 -0.155823
0.01712 0.731122 -0.155823
0.01712 0.685894 -0.155823
-0.01712 0.685894 -0.155823
-0.01712 0.731122 -0.125917
-0.01712 0.731122 -0.155823
-0.01712 0.685894 -0.155823
-0.01712 0.685894 -0.125917
0.01712 0.731122 -0.155823
0.01712 0.731122 -0.125917
0.01712 0.685894 -0.125917
0.01712 0.685894 -0.155823
0.01712 0.66167 -0.125917
-0.01712 0.66167 -0.125917
-0.01712 0.67353 -0.155823
0.01712 0.67353 -0.155823
-0.01712 0.685894 -0.125917
-0.01712 0.66167 -0.125917
-0.01712 0.644022 -0.084314
-0.01712 0.669888 -0.084314
0.01712 0.685894 -0.155823
0.01712 0.685894 -0.125917
0.01712 0.66167 -0.125917
0.01712 0.67353 -0.155823
-0.01712 0.685894 -0.155823
0.01712 0.685894 -0.155823
0.01712 0.67353 -0.155823
-0.01712 0.67353 -0.155823
0.01712 0.669888 -0.084314
-0.01712 0.669888 -0.084314
-0.01712 0.644022 -0.084314
0.01712 0.644022 -0.084314
0.01712 0.685894 -0.125917
-0.01712 0.685894 -0.125917
-0.01712 0.669888 -0.084314
0.01712 0.669888 -0.084314
0.01712 0.66167 -0.125917
0.01712 0.685894 -0.125917
0.01712 0.669888 -0.084314
0.01712 0.644022 -0.084314
-0.01712 0.66167 -0.125917
0.01712 0.66167 -0.125917
0.01712 0.644022 -0.084314
-0.01712 0.644022 -0.084314
-0.01712 0.731122 0.081552
-0.01712 0.731122 0.125917
-0.01712 0.765363 0.125917
-0.01712 0.765363 0.081552
0.01712 0.731122 0.125917
0.01712 0.685894 0.125917
-0.01712 0.685894 0.125917
-0.01712 0.731122 0.125917
0.01712 0.731122 0.125917
0.01712 0.731122 0.081552
0.01712 0.765363 0.081552
0.01712 0.765363 0.125917
-0.01712 0.731122 0.155823
0.01712 0.731122 0.155823
0.01712 0.765363 0.155823
-0.01712 0.765363 0.155823
-0.01712 0.731122 0.125917
-0.01712 0.731122 0.081552
0.01712 0.731122 0.081552
0.01712 0.731122 0.125917
0.01712 0.765363 0.125917
0.01712 0.765363 0.081552
-0.01712 0.765363 0.081552
-0.01712 0.765363 0.125917
-0.01712 0.765363 0.125917
-0.01712 0.765363 0.155823
0.01712 0.765363 0.155823
0.01712 0.765363 0.125917
-0.01712 0.731122 0.125917
-0.01712 0.731122 0.155823
-0.01712 0.765363 0.155823
-0.01712 0.765363 0.125917
0.01712 0.765363 0.125917
0.01712 0.765363 0.155823
0.01712 0.731122 0.155823
0.01712 0.731122 0.125917
-0.01712 0.685894 0.125917
-0.01712 0.66167 0.125917
-0.01712 0.67353 0.155823
-0.01712 0.685894 0.155823
-0.01712 0.731122 0.155823
-0.01712 0.685894 0.155823
0.01712 0.685894 0.155823
0.01712 0.731122 0.155823
-0.01712 0.731122 0.125917
-0.01712 0.685894 0.125917
-0.01712 0.685894 0.155823
-0.01712 0.731122 0.155823
0.01712 0.731122 0.155823
0.01712 0.685894 0.155823
0.01712 0.685894 0.125917
0.01712 0.731122 0.125917
0.01712 0.66167 0.125917
0.01712 0.67353 0.155823
-0.01712 0.67353 0.155823
-0.01712 0.66167 0.125917
-0.01712 0.685894 0.125917
-0.01712 0.669888 0.084314
-0.01712 0.644022 0.084314
-0.01712 0.66167 0.125917
0.01712 0.685894 0.155823
0.01712 0.67353 0.155823
0.01712 0.66167 0.125917
0.01712 0.685894 0.125917
-0.01712 0.685894 0.155823
-0.01712 0.67353 0.155823
0.01712 0.67353 0.155823
0.01712 0.685894 0.155823
0.01712 0.669888 0.084314
0.01712 0.644022 0.084314
-0.01712 0.644022 0.084314
-0.01712 0.669888 0.084314
0.01712 0.685894 0.125917
0.01712 0.669888 0.084314
-0.01712 0.669888 0.084314
-0.01712 0.685894 0.125917
0.01712 0.66167 0.125917
0.01712 0.644022 0.084314
0.01712 0.669888 0.084314
0.01712 0.685894 0.125917
-0.01712 0.66167 0.125917
-0.01712 0.644022 0.084314
0.01712 0.644022 0.084314
0.01712 0.66167 0.125917
0.079722 0.658419 -0.0
0.079722 0.701506 -0.043087
0.102254 0.701506 -0.043087
0.102254 0.658419 -0.0
0.102254 0.658419 -0.0
0.102254 0.701506 -0.043087
0.102254 0.744593 0.0
0.102254 0.701506 0.043087
0.102254 0.701506 0.043087
0.102254 0.744593 0.0
0.079722 0.744593 0.0
0.079722 0.701506 0.043087
0.079722 0.658419 -0.0
0.102254 0.658419 -0.0
0.102254 0.701506 0.043087
0.079722 0.701506 0.043087
0.102254 0.701506 -0.043087
0.079722 0.701506 -0.043087
0.079722 0.744593 0.0
0.102254 0.744593 0.0
-0.079722 0.658419 -0.0
-0.102254 0.658419 -0.0
-0.102254 0.701506 -0.043087
-0.079722 0.701506 -0.043087
-0.102254 0.658419 -0.0
-0.102254 0.701506 0.043087
-0.102254 0.744593 0.0
-0.102254 0.701506 -0.043087
-0.102254 0.701506 0.043087
-0.079722 0.701506 0.043087
-0.079722 0.744593 0.0
-0.102254 0.744593 0.0
-0.079722 0.658419 -0.0
-0.079722 0.701506 0.043087
-0.102254 0.701506 0.043087
-0.102254 0.658419 -0.0
-0.102254 0.701506 -0.043087
-0.102254 0.744593 0.0
-0.079722 0.744593 0.0
-0.079722 0.701506 -0.043087

no_normals
1.0 0.5
1.0 1.0
0.833333 1.0
0.833333 0.5
0.833333 0.5
0.833333 1.0
0.666667 1.0
0.666667 0.5
0.666667 0.5
0.666667 1.0
0.5 1.0
0.5 0.5
0.5 0.5
0.5 1.0
0.333333 1.0
0.333333 0.5
0.666667 1.0
0.833333 1.0
0.833333 1.0
0.666667 1.0
0.333333 0.5
0.333333 1.0
0.166667 1.0
0.166667 0.5
0.166667 0.5
0.166667 1.0
-0.0 1.0
-0.0 0.5
0.75 0.49
0.957846 0.37
0.957846 0.13
0.75 0.01
0.542154 0.13
0.542154 0.37
0.5 1.0
0.666667 1.0
0.666667 1.0
0.5 1.0
0.166667 1.0
0.333333 1.0
0.333333 1.0
0.166667 1.0
0.833333 1.0
1.0 1.0
1.0 1.0
0.833333 1.0
0.5 1.0
0.666667 1.0
0.666667 1.0
0.5 1.0
-0.0 1.0
0.166667 1.0
0.166667 1.0
-0.0 1.0
0.333333 1.0
0.5 1.0
0.5 1.0
0.333333 1.0
0.457846 0.37
0.25 0.49
0.042154 0.37
0.042154 0.13
0.25 0.01
0.457846 0.13
0.833333 1.0
1.0 1.0
1.0 1.0
0.833333 1.0
-0.0 1.0
0.166667 1.0
0.166667 1.0
-0.0 1.0
0.333333 1.0
0.5 1.0
0.5 1.0
0.333333 1.0
0.666667 1.0
0.833333 1.0
0.833333 1.0
0.666667 1.0
0.166667 1.0
0.333333 1.0
0.333333 1.0
0.166667 1.0
0.375 0.0
0.625 0.0
0.625 0.25
0.375 0.25
0.375 0.25
0.625 0.25
0.625 0.5
0.375 0.5
0.375 0.5
0.625 0.5
0.625 0.75
0.375 0.75
0.375 0.75
0.625 0.75
0.625 1.0
0.375 1.0
0.125 0.5
0.375 0.5
0.375 0.75
0.125 0.75
0.806091 0.681091
0.693909 0.681091
0.693909 0.681091
0.806091 0.681091
0.806091 0.681091
0.806091 0.568909
0.875 0.5
0.875 0.75
0.806091 0.568909
0.693909 0.568909
0.625 0.5
0.875 0.5
0.693909 0.568909
0.693909 0.681091
0.625 0.75
0.625 0.5
0.693909 0.681091
0.806091 0.681091
0.875 0.75
0.625 0.75
0.693909 0.681091
0.693909 0.568909
0.693909 0.568909
0.693909 0.681091
0.693909 0.568909
0.806091 0.568909
0.806091 0.568909
0.693909 0.568909
0.693909 0.681091
0.693909 0.568909
0.693909 0.568909
0.693909 0.681091
0.806091 0.568909
0.806091 0.681091
0.806091 0.681091
0.806091 0.568909
0.693909 0.681091
0.693909 0.568909
0.693909 0.568909
0.693909 0.681091
0.806091 0.568909
0.806091 0.681091
0.806091 0.681091
0.806091 0.568909
0.806091 0.681091
0.693909 0.681091
0.693909 0.681091
0.806091 0.681091
0.693909 0.568909
0.806091 0.568909
0.806091 0.568909
0.693909 0.568909
0.713616 0.661384
0.713616 0.588616
0.713616 0.588616
0.713616 0.661384
0.806091 0.568909
0.806091 0.681091
0.806091 0.681091
0.806091 0.568909
0.806091 0.681091
0.693909 0.681091
0.693909 0.681091
0.806091 0.681091
0.693909 0.568909
0.806091 0.568909
0.806091 0.568909
0.693909 0.568909
0.786384 0.661384
0.786384 0.588616
0.806091 0.568909
0.806091 0.681091
0.786384 0.588616
0.713616 0.588616
0.693909 0.568909
0.806091 0.568909
0.713616 0.588616
0.713616 0.661384
0.693909 0.681091
0.693909 0.568909
0.713616 0.661384
0.786384 0.661384
0.806091 0.681091
0.693909 0.681091
0.713616 0.588616
0.786384 0.588616
0.786384 0.661384
0.713616 0.661384
0.786384 0.588616
0.786384 0.661384
0.786384 0.661384
0.786384 0.588616
0.786384 0.661384
0.713616 0.661384
0.713616 0.661384
0.786384 0.661384
0.713616 0.588616
0.786384 0.588616
0.786384 0.588616
0.713616 0.588616
0.375 0.0
0.625 0.0
0.625 0.25
0.375 0.25
0.375 0.5
0.125 0.5
0.125 0.5
0.375 0.5
0.375 0.5
0.625 0.5
0.625 0.75
0.375 0.75
0.375 0.25
0.625 0.25
0.625 0.5
0.375 0.5
0.125 0.5
0.375 0.5
0.375 0.75
0.125 0.75
0.625 0.5
0.875 0.5
0.875 0.75
0.625 0.75
0.875 0.5
0.625 0.5
0.625 0.5
0.875 0.5
0.375 0.25
0.625 0.25
0.625 0.25
0.375 0.25
0.625 0.5
0.375 0.5
0.375 0.5
0.625 0.5
0.375 0.25
0.375 0.25
0.375 0.25
0.375 0.25
0.375 0.25
0.375 0.5
0.375 0.5
0.375 0.25
0.375 0.25
0.375 0.25
0.375 0.25
0.375 0.25
0.375 0.5
0.375 0.5
0.375 0.5
0.375 0.5
0.375 0.5
0.125 0.5
0.125 0.5
0.375 0.5
0.375 0.25
0.375 0.25
0.375 0.25
0.375 0.25
0.375 0.5
0.375 0.5
0.375 0.5
0.375 0.5
0.375 0.25
0.375 0.5
0.375 0.5
0.375 0.25
0.375 0.5
0.125 0.5
0.125 0.5
0.375 0.5
0.375 0.5
0.125 0.5
0.125 0.5
0.375 0.5
0.375 0.5
0.375 0.5
0.375 0.5
0.375 0.5
0.125 0.5
0.375 0.5
0.375 0.5
0.125 0.5
0.375 0.0
0.375 0.25
0.625 0.25
0.625 0.0
0.375 0.5
0.375 0.5
0.125 0.5
0.125 0.5
0.375 0.5
0.375 0.75
0.625 0.75
0.625 0.5
0.375 0.25
0.375 0.5
0.625 0.5
0.625 0.25
0.125 0.5
0.125 0.75
0.375 0.75
0.375 0.5
0.625 0.5
0.625 0.75
0.875 0.75
0.875 0.5
0.875 0.5
0.875 0.5
0.625 0.5
0.625 0.5
0.375 0.25
0.375 0.25
0.625 0.25
0.625 0.25
0.625 0.5
0.625 0.5
0.375 0.5
0.375 0.5
0.375 0.25
0.375 0.25
0.375 0.25
0.375 0.25
0.375 0.25
0.375 0.25
0.375 0.5
0.375 0.5
0.375 0.25
0.375 0.25
0.375 0.25
0.375 0.25
0.375 0.5
0.375 0.5
0.375 0.5
0.375 0.5
0.375 0.5
0.375 0.5
0.125 0.5
0.125 0.5
0.375 0.25
0.375 0.25
0.375 0.25
0.375 0.25
0.375 0.5
0.375 0.5
0.375 0.5
0.375 0.5
0.375 0.25
0.375 0.25
0.375 0.5
0.375 0.5
0.375 0.5
0.375 0.5
0.125 0.5
0.125 0.5
0.375 0.5
0.375 0.5
0.125 0.5
0.125 0.5
0.375 0.5
0.375 0.5
0.375 0.5
0.375 0.5
0.125 0.5
0.125 0.5
0.375 0.5
0.375 0.5
0.375 0.25
0.625 0.25
0.625 0.5
0.375 0.5
0.375 0.5
0.625 0.5
0.625 0.75
0.375 0.75
0.375 0.75
0.625 0.75
0.625 1.0
0.375 1.0
0.125 0.5
0.375 0.5
0.375 0.75
0.125 0.75
0.625 0.5
0.875 0.5
0.875 0.75
0.625 0.75
0.375 0.25
0.375 0.5
0.625 0.5
0.625 0.25
0.375 0.5
0.375 0.75
0.625 0.75
0.625 0.5
0.375 0.75
0.375 1.0
0.625 1.0
0.625 0.75
0.125 0.5
0.125 0.75
0.375 0.75
0.375 0.5
0.625 0.5
0.625 0.75
0.875 0.75
0.875 0.5

0.267965 0.28078 0.342776 1.0
0.267965 0.28078 0.342776 1.0
0.267965 0.28078 0.342776 1.0
0.267965 0.28078 0.342776 1.0
0.267965 0.28078 0.342776 1.0
0.267965 0.28078 0.342776 1.0
0.267965 0.28078 0.342776 1.0
0.267965 0.28078 0.342776 1.0
0.267965 0.28078 0.342776 1.0
0.267965 0.28078 0.342776 1.0
0.267965 0.28078 0.342776 1.0
0.267965 0.28078 0.342776 1.0
0.267965 0.28078 0.342776 1.0
0.267965 0.28078 0.342776 1.0
0.267965 0.28078 0.342776 1.0
0.267965 0.28078 0.342776 1.0
0.267965 0.28078 0.342776 1.0
0.267965 0.28078 0.342776 1.0
0.267965 0.28078 0.342776 1.0
0.267965 0.28078 0.342776 1.0
0.267965 0.28078 0.342776 1.0
0.267965 0.28078 0.342776 1.0
0.267965 0.28078 0.342776 1.0
0.267965 0.28078 0.342776 1.0
0.267965 0.28078 0.342776 1.0
0.267965 0.28078 0.342776 1.0
0.267965 0.28078 0.342776 1.0
0.267965 0.28078 0.342776 1.0
0.267965 0.28078 0.342776 1.0
0.267965 0.28078 0.342776 1.0
0.267965 0.28078 0.342776 1.0
0.267965 0.28078 0.342776 1.0
0.267965 0.28078 0.342776 1.0
0.267965 0.28078 0.342776 1.0
0.267965 0.28078 0.342776 1.0
0.267965 0.28078 0.342776 1.0
0.267965 0.28078 0.342776 1.0
0.267965 0.28078 0.342776 1.0
0.267965 0.28078 0.342776 1.0
0.267965 0.28078 0.342776 1.0
0.267965 0.28078 0.342776 1.0
0.267965 0.28078 0.342776 1.0
0.267965 0.28078 0.342776 1.0
0.267965 0.28078 0.342776 1.0
0.267965 0.28078 0.342776 1.0
0.267965 0.28078 0.342776 1.0
0.267965 0.28078 0.342776 1.0
0.267965 0.28078 0.342776 1.0
0.267965 0.28078 0.342776 1.0
0.267965 0.28078 0.342776 1.0
0.267965 0.28078 0.342776 1.0
0.267965 0.28078 0.342776 1.0
0.267965 0.28078 0.342776 1.0
0.267965 0.28078 0.342776 1.0
0.267965 0.28078 0.342776 1.0
0.267965 0.28078 0.342776 1.0
0.267965 0.28078 0.342776 1.0
0.267965 0.28078 0.342776 1.0
0.267965 0.28078 0.342776 1.0
0.267965 0.28078 0.342776 1.0
0.267965 0.28078 0.342776 1.0
0.267965 0.28078 0.342776 1.0
0.267965 0.28078 0.342776 1.0
0.267965 0.28078 0.342776 1.0
0.267965 0.28078 0.342776 1.0
0.267965 0.28078 0.342776 1.0
0.267965 0.28078 0.342776 1.0
0.267965 0.28078 0.342776 1.0
0.267965 0.28078 0.342776 1.0
0.267965 0.28078 0.342776 1.0
0.267965 0.28078 0.342776 1.0
0.267965 0.28078 0.342776 1.0
0.267965 0.28078 0.342776 1.0
0.267965 0.28078 0.342776 1.0
0.267965 0.28078 0.342776 1.0
0.267965 0.28078 0.342776 1.0
0.267965 0.28078 0.342776 1.0
0.267965 0.28078 0.342776 1.0
0.267965 0.28078 0.342776 1.0
0.267965 0.28078 0.342776 1.0
0.267965 0.28078 0.342776 1.0
0.267965 0.28078 0.342776 1.0
0.267965 0.28078 0.342776 1.0
0.267965 0.28078 0.342776 1.0
1.0 0.719618 0.053712 1.0
1.0 0.719618 0.053712 1.0
1.0 0.719618 0.053712 1.0
1.0 0.719618 0.053712 1.0
1.0 0.719618 0.053712 1.0
1.0 0.719618 0.053712 1.0
1.0 0.719618 0.053712 1.0
1.0 0.719618 0.053712 1.0
1.0 0.719618 0.053712 1.0
1.0 0.719618 0.053712 1.0
1.0 0.719618 0.053712 1.0
1.0 0.719618 0.053712 1.0
1.0 0.719618 0.053712 1.0
1.0 0.719618 0.053712 1.0
1.0 0.719618 0.053712 1.0
1.0 0.719618 0.053712 1.0
1.0 0.719618 0.053712 1.0
1.0 0.719618 0.053712 1.0
1.0 0.719618 0.053712 1.0
1.0 0.719618 0.053712 1.0
1.0 0.719618 0.053712 1.0
1.0 0.719618 0.053712 1.0
1.0 0.719618 0.053712 1.0
1.0 0.719618 0.053712 1.0
1.0 0.719618 0.053712 1.0
1.0 0.719618 0.053712 1.0
1.0 0.719618 0.053712 1.0
1.0 0.719618 0.053712 1.0
1.0 0.719618 0.053712 1.0
1.0 0.719618 0.053712 1.0
1.0 0.719618 0.053712 1.0
1.0 0.719618 0.053712 1.0
1.0 0.719618 0.053712 1.0
1.0 0.719618 0.053712 1.0
1.0 0.719618 0.053712 1.0
1.0 0.719618 0.053712 1.0
1.0 0.719618 0.053712 1.0
1.0 0.719618 0.053712 1.0
1.0 0.719618 0.053712 1.0
1.0 0.719618 0.053712 1.0
1.0 0.719618 0.053712 1.0
1.0 0.719618 0.053712 1.0
1.0 0.719618 0.053712 1.0
1.0 0.719618 0.053712 1.0
1.0 0.719618 0.053712 1.0
1.0 0.719618 0.053712 1.0
1.0 0.719618 0.053712 1.0
1.0 0.719618 0.053712 1.0
1.0 0.719618 0.053712 1.0
1.0 0.719618 0.053712 1.0
1.0 0.719618 0.053712 1.0
1.0 0.719618 0.053712 1.0
1.0 0.719618 0.053712 1.0
1.0 0.719618 0.053712 1.0
1.0 0.719618 0.053712 1.0
1.0 0.719618 0.053712 1.0
1.0 0.719618 0.053712 1.0
1.0 0.719618 0.053712 1.0
1.0 0.719618 0.053712 1.0
1.0 0.719618 0.053712 1.0
1.0 0.719618 0.053712 1.0
1.0 0.719618 0.053712 1.0
1.0 0.719618 0.053712 1.0
1.0 0.719618 0.053712 1.0
1.0 0.719618 0.053712 1.0
1.0 0.719618 0.053712 1.0
1.0 0.719618 0.053712 1.0
1.0 0.719618 0.053712 1.0
1.0 0.719618 0.053712 1.0
1.0 0.719618 0.053712 1.0
1.0 0.719618 0.053712 1.0
1.0 0.719618 0.053712 1.0
1.0 0.719618 0.053712 1.0
1.0 0.719618 0.053712 1.0
1.0 0.719618 0.053712 1.0
1.0 0.719618 0.053712 1.0
1.0 0.719618 0.053712 1.0
1.0 0.719618 0.053712 1.0
1.0 0.719618 0.053712 1.0
1.0 0.719618 0.053712 1.0
1.0 0.719618 0.053712 1.0
1.0 0.719618 0.053712 1.0
1.0 0.719618 0.053712 1.0
1.0 0.719618 0.053712 1.0
1.0 0.719618 0.053712 1.0
1.0 0.719618 0.053712 1.0
1.0 0.719618 0.053712 1.0
1.0 0.719618 0.053712 1.0
1.0 0.719618 0.053712 1.0
1.0 0.719618 0.053712 1.0
1.0 0.719618 0.053712 1.0
1.0 0.719618 0.053712 1.0
1.0 0.719618 0.053712 1.0
1.0 0.719618 0.053712 1.0
1.0 0.719618 0.053712 1.0
1.0 0.719618 0.053712 1.0
1.0 0.719618 0.053712 1.0
1.0 0.719618 0.053712 1.0
1.0 0.719618 0.053712 1.0
1.0 0.719618 0.053712 1.0
1.0 0.719618 0.053712 1.0
1.0 0.719618 0.053712 1.0
1.0 0.719618 0.053712 1.0
1.0 0.719618 0.053712 1.0
1.0 0.719618 0.053712 1.0
1.0 0.719618 0.053712 1.0
1.0 0.719618 0.053712 1.0
1.0 0.719618 0.053712 1.0
1.0 0.719618 0.053712 1.0
1.0 0.719618 0.053712 1.0
1.0 0.719618 0.053712 1.0
1.0 0.719618 0.053712 1.0
1.0 0.719618 0.053712 1.0
1.0 0.719618 0.053712 1.0
1.0 0.719618 0.053712 1.0
1.0 0.719618 0.053712 1.0
1.0 0.719618 0.053712 1.0
1.0 0.719618 0.053712 1.0
1.0 0.719618 0.053712 1.0
1.0 0.719618 0.053712 1.0
1.0 0.719618 0.053712 1.0
1.0 0.719618 0.053712 1.0
1.0 0.719618 0.053712 1.0
1.0 0.719618 0.053712 1.0
1.0 0.719618 0.053712 1.0
1.0 0.719618 0.053712 1.0
1.0 0.719618 0.053712 1.0
1.0 0.719618 0.053712 1.0
1.0 0.719618 0.053712 1.0
1.0 0.719618 0.053712 1.0
1.0 0.719618 0.053712 1.0
1.0 0.719618 0.053712 1.0
1.0 0.719618 0.053712 1.0
1.0 0.719618 0.053712 1.0
1.0 0.719618 0.053712 1.0
1.0 0.719618 0.053712 1.0
1.0 0.719618 0.053712 1.0
1.0 0.719618 0.053712 1.0
1.0 0.719618 0.053712 1.0
1.0 0.719618 0.053712 1.0
1.0 0.719618 0.053712 1.0
1.0 0.719618 0.053712 1.0
1.0 0.719618 0.053712 1.0
1.0 0.719618 0.053712 1.0
1.0 0.719618 0.053712 1.0
1.0 0.719618 0.053712 1.0
1.0 0.719618 0.053712 1.0
1.0 0.719618 0.053712 1.0
1.0 0.719618 0.053712 1.0
1.0 0.719618 0.053712 1.0
1.0 0.719618 0.053712 1.0
1.0 0.719618 0.053712 1.0
1.0 0.719618 0.053712 1.0
1.0 0.719618 0.053712 1.0
1.0 0.719618 0.053712 1.0
1.0 0.719618 0.053712 1.0
1.0 0.719618 0.053712 1.0
1.0 0.719618 0.053712 1.0
1.0 0.719618 0.053712 1.0
1.0 0.719618 0.053712 1.0
1.0 0.719618 0.053712 1.0
1.0 0.719618 0.053712 1.0
1.0 0.719618 0.053712 1.0
1.0 0.719618 0.053712 1.0
1.0 0.719618 0.053712 1.0
1.0 0.719618 0.053712 1.0
1.0 0.719618 0.053712 1.0
1.0 0.719618 0.053712 1.0
1.0 0.719618 0.053712 1.0
1.0 0.719618 0.053712 1.0
1.0 0.719618 0.053712 1.0
1.0 0.719618 0.053712 1.0
1.0 0.719618 0.053712 1.0
1.0 0.719618 0.053712 1.0
1.0 0.719618 0.053712 1.0
1.0 0.719618 0.053712 1.0
1.0 0.719618 0.053712 1.0
1.0 0.719618 0.053712 1.0
1.0 0.719618 0.053712 1.0
1.0 0.719618 0.053712 1.0
1.0 0.719618 0.053712 1.0
1.0 0.719618 0.053712 1.0
1.0 0.719618 0.053712 1.0
1.0 0.719618 0.053712 1.0
1.0 0.719618 0.053712 1.0
1.0 0.719618 0.053712 1.0
1.0 0.719618 0.053712 1.0
1.0 0.719618 0.053712 1.0
1.0 0.719618 0.053712 1.0
1.0 0.719618 0.053712 1.0
1.0 0.719618 0.053712 1.0
1.0 0.719618 0.053712 1.0
1.0 0.719618 0.053712 1.0
1.0 0.719618 0.053712 1.0
1.0 0.719618 0.053712 1.0
1.0 0.719618 0.053712 1.0
1.0 0.719618 0.053712 1.0
1.0 0.719618 0.053712 1.0
1.0 0.719618 0.053712 1.0
1.0 0.719618 0.053712 1.0
1.0 0.719618 0.053712 1.0
1.0 0.719618 0.053712 1.0
1.0 0.719618 0.053712 1.0
1.0 0.719618 0.053712 1.0
1.0 0.719618 0.053712 1.0
1.0 0.719618 0.053712 1.0
1.0 0.719618 0.053712 1.0
1.0 0.719618 0.053712 1.0
1.0 0.719618 0.053712 1.0
1.0 0.719618 0.053712 1.0
1.0 0.719618 0.053712 1.0
1.0 0.719618 0.053712 1.0
1.0 0.719618 0.053712 1.0
1.0 0.719618 0.053712 1.0
1.0 0.719618 0.053712 1.0
1.0 0.719618 0.053712 1.0
1.0 0.719618 0.053712 1.0
1.0 0.719618 0.053712 1.0
1.0 0.719618 0.053712 1.0
1.0 0.719618 0.053712 1.0
1.0 0.719618 0.053712 1.0
1.0 0.719618 0.053712 1.0
1.0 0.719618 0.053712 1.0
1.0 0.719618 0.053712 1.0
1.0 0.719618 0.053712 1.0
1.0 0.719618 0.053712 1.0
1.0 0.719618 0.053712 1.0
1.0 0.719618 0.053712 1.0
1.0 0.719618 0.053712 1.0
1.0 0.719618 0.053712 1.0
1.0 0.719618 0.053712 1.0
1.0 0.719618 0.053712 1.0
1.0 0.719618 0.053712 1.0
1.0 0.719618 0.053712 1.0
1.0 0.719618 0.053712 1.0
1.0 0.719618 0.053712 1.0
1.0 0.719618 0.053712 1.0
1.0 0.719618 0.053712 1.0
1.0 0.719618 0.053712 1.0
1.0 0.719618 0.053712 1.0
1.0 0.719618 0.053712 1.0
1.0 0.719618 0.053712 1.0
1.0 0.719618 0.053712 1.0
1.0 0.719618 0.053712 1.0
1.0 0.719618 0.053712 1.0
1.0 0.719618 0.053712 1.0
1.0 0.719618 0.053712 1.0
1.0 0.719618 0.053712 1.0
1.0 0.719618 0.053712 1.0
1.0 0.719618 0.053712 1.0
1.0 0.719618 0.053712 1.0
1.0 0.719618 0.053712 1.0
1.0 0.719618 0.053712 1.0
1.0 0.719618 0.053712 1.0
1.0 0.719618 0.053712 1.0
1.0 0.719618 0.053712 1.0
1.0 0.719618 0.053712 1.0
1.0 0.719618 0.053712 1.0
1.0 0.719618 0.053712 1.0
1.0 0.719618 0.053712 1.0
1.0 0.719618 0.053712 1.0
1.0 0.719618 0.053712 1.0
1.0 0.719618 0.053712 1.0
1.0 0.719618 0.053712 1.0
1.0 0.719618 0.053712 1.0
1.0 0.719618 0.053712 1.0
1.0 0.719618 0.053712 1.0
1.0 0.719618 0.053712 1.0
1.0 0.719618 0.053712 1.0
1.0 0.719618 0.053712 1.0
1.0 0.719618 0.053712 1.0
1.0 0.719618 0.053712 1.0
1.0 0.719618 0.053712 1.0
1.0 0.719618 0.053712 1.0
1.0 0.719618 0.053712 1.0
1.0 0.719618 0.053712 1.0
1.0 0.719618 0.053712 1.0
1.0 0.719618 0.053712 1.0
1.0 0.719618 0.053712 1.0
1.0 0.719618 0.053712 1.0
1.0 0.719618 0.053712 1.0
1.0 0.719618 0.053712 1.0
1.0 0.719618 0.053712 1.0
1.0 0.719618 0.053712 1.0
1.0 0.719618 0.053712 1.0
1.0 0.719618 0.053712 1.0
1.0 0.719618 0.053712 1.0
1.0 0.719618 0.053712 1.0
1.0 0.058345 0.036855 1.0
1.0 0.058345 0.036855 1.0
1.0 0.058345 0.036855 1.0
1.0 0.058345 0.036855 1.0
1.0 0.058345 0.036855 1.0
1.0 0.058345 0.036855 1.0
1.0 0.058345 0.036855 1.0
1.0 0.058345 0.036855 1.0
1.0 0.058345 0.036855 1.0
1.0 0.058345 0.036855 1.0
1.0 0.058345 0.036855 1.0
1.0 0.058345 0.036855 1.0
1.0 0.058345 0.036855 1.0
1.0 0.058345 0.036855 1.0
1.0 0.058345 0.036855 1.0
1.0 0.058345 0.036855 1.0
1.0 0.058345 0.036855 1.0
1.0 0.058345 0.036855 1.0
1.0 0.058345 0.036855 1.0
1.0 0.058345 0.036855 1.0
1.0 0.058345 0.036855 1.0
1.0 0.058345 0.036855 1.0
1.0 0.058345 0.036855 1.0
1.0 0.058345 0.036855 1.0
1.0 0.058345 0.036855 1.0
1.0 0.058345 0.036855 1.0
1.0 0.058345 0.036855 1.0
1.0 0.058345 0.036855 1.0
1.0 0.058345 0.036855 1.0
1.0 0.058345 0.036855 1.0
1.0 0.058345 0.036855 1.0
1.0 0.058345 0.036855 1.0
1.0 0.058345 0.036855 1.0
1.0 0.058345 0.036855 1.0
1.0 0.058345 0.036855 1.0
1.0 0.058345 0.036855 1.0
1.0 0.058345 0.036855 1.0
1.0 0.058345 0.036855 1.0
1.0 0.058345 0.036855 1.0
1.0 0.058345 0.036855 1.0

3 2 1
3 1 0
7 6 5
7 5 4
11 10 9
11 9 8
15 14 13
15 13 12
19 18 17
19 17 16
23 22 21
23 21 20
27 26 25
27 25 24
33 32 31
33 31 30
33 30 29
33 29 28
37 36 35
37 35 34
41 40 39
41 39 38
45 44 43
45 43 42
49 48 47
49 47 46
53 52 51
53 51 50
57 56 55
57 55 54
63 62 61
63 61 60
63 60 59
63 59 58
67 66 65
67 65 64
71 70 69
71 69 68
75 74 73
75 73 72
79 78 77
79 77 76
83 82 81
83 81 80
87 86 85
87 85 84
91 90 89
91 89 88
95 94 93
95 93 92
99 98 97
99 97 96
103 102 101
103 101 100
107 106 105
107 105 104
111 110 109
111 109 108
115 114 113
115 113 112
119 118 117
119 117 116
123 122 121
123 121 120
127 126 125
127 125 124
131 130 129
131 129 128
135 134 133
135 133 132
139 138 137
139 137 136
143 142 141
143 141 140
147 146 145
147 145 144
151 150 149
151 149 148
155 154 153
155 153 152
159 158 157
159 157 156
163 162 161
163 161 160
167 166 165
167 165 164
171 170 169
171 169 168
175 174 173
175 173 172
179 178 177
179 177 176
183 182 181
183 181 180
187 186 185
187 185 184
191 190 189
191 189 188
195 194 193
195 193 192
199 198 197
199 197 196
203 202 201
203 201 200
207 206 205
207 205 204
211 210 209
211 209 208
215 214 213
215 213 212
219 218 217
219 217 216
223 222 221
223 221 220
227 226 225
227 225 224
231 230 229
231 229 228
235 234 233
235 233 232
239 238 237
239 237 236
243 242 241
243 241 240
247 246 245
247 245 244
251 250 249
251 249 248
255 254 253
255 253 252
259 258 257
259 257 256
263 262 261
263 261 260
267 266 265
267 265 264
271 270 269
271 269 268
275 274 273
275 273 272
279 278 277
279 277 276
283 282 281
283 281 280
287 286 285
287 285 284
291 290 289
291 289 288
295 294 293
295 293 292
299 298 297
299 297 296
303 302 301
303 301 300
307 306 305
307 305 304
311 310 309
311 309 308
315 314 313
315 313 312
319 318 317
319 317 316
323 322 321
323 321 320
327 326 325
327 325 324
331 330 329
331 329 328
335 334 333
335 333 332
339 338 337
339 337 336
343 342 341
343 341 340
347 346 345
347 345 344
351 350 349
351 349 348
355 354 353
355 353 352
359 358 357
359 357 356
363 362 361
363 361 360
367 366 365
367 365 364
371 370 369
371 369 368
375 374 373
375 373 372
379 378 377
379 377 376
383 382 381
383 381 380
387 386 385
387 385 384
391 390 389
391 389 388
395 394 393
395 393 392
399 398 397
399 397 396
403 402 401
403 401 400
407 406 405
407 405 404
411 410 409
411 409 408
