408 190 

-0.145433 0.0 0.166791
-0.089278 0.743063 0.101708
-0.089278 0.743063 -0.101708
-0.145433 0.0 -0.166791
-0.145433 0.0 -0.166791
-0.089278 0.743063 -0.101708
0.086233 0.743063 -0.101708
0.142388 0.0 -0.166791
0.142388 0.0 -0.166791
0.086233 0.743063 -0.101708
0.086233 0.743063 0.101708
0.142388 0.0 0.166791
0.142388 0.0 0.166791
0.086233 0.743063 0.101708
-0.089278 0.743063 0.101708
-0.145433 0.0 0.166791
0.086233 0.743063 -0.101708
-0.089278 0.743063 -0.101708
-0.089278 0.743063 0.101708
0.086233 0.743063 0.101708
-0.113384 0.756049 0.0
-0.250889 0.001581 0.0
-0.169117 0.001581 0.246684
-0.076718 0.756049 0.149721
-0.076718 0.756049 0.149721
-0.169117 0.001581 0.246684
0.132821 0.001581 0.2629
0.047845 0.756049 0.158691
0.047845 0.756049 0.158691
0.132821 0.001581 0.2629
0.211115 0.001581 0.127095
0.111293 0.756049 0.083564
-0.076718 0.756049 0.149721
0.047845 0.756049 0.158691
0.111293 0.756049 0.083564
-0.113384 0.756049 0.0
-0.113384 0.756049 0.0
-0.076718 0.756049 -0.149721
-0.169117 0.001581 -0.246684
-0.250889 0.001581 0.0
-0.076718 0.756049 -0.149721
0.047845 0.756049 -0.158691
0.132821 0.001581 -0.2629
-0.169117 0.001581 -0.246684
0.047845 0.756049 -0.158691
0.111293 0.756049 -0.083564
0.211115 0.001581 -0.127095
0.132821 0.001581 -0.2629
-0.076718 0.756049 -0.149721
-0.113384 0.756049 0.0
0.111293 0.756049 -0.083564
0.047845 0.756049 -0.158691
-0.062326 0.863122 0.080381
-0.054828 0.94487 0.072884
-0.054828 0.94487 -0.072884
-0.062326 0.863122 -0.080381
-0.062326 0.863122 -0.080381
-0.054828 0.94487 -0.072884
0.090939 0.94487 -0.072884
0.098437 0.863122 -0.080381
0.098437 0.863122 -0.080381
0.090939 0.94487 -0.072884
0.090939 0.94487 0.072884
0.098437 0.863122 0.080381
0.098437 0.863122 0.080381
0.090939 0.94487 0.072884
-0.054828 0.94487 0.072884
-0.062326 0.863122 0.080381
-0.062326 0.863122 0.080381
-0.062326 0.863122 -0.080381
-0.019464 0.786869 -0.063041
-0.019464 0.786869 0.063041
0.090939 0.94487 -0.072884
-0.054828 0.94487 -0.072884
-0.054828 0.94487 0.072884
0.090939 0.94487 0.072884
-0.019464 0.786869 -0.063041
0.084252 0.786869 -0.063041
0.084252 0.786869 0.063041
-0.019464 0.786869 0.063041
0.098437 0.863122 -0.080381
0.098437 0.863122 0.080381
0.084252 0.786869 0.063041
0.084252 0.786869 -0.063041
0.098437 0.863122 0.080381
-0.062326 0.863122 0.080381
-0.019464 0.786869 0.063041
0.084252 0.786869 0.063041
-0.062326 0.863122 -0.080381
0.098437 0.863122 -0.080381
0.084252 0.786869 -0.063041
-0.019464 0.786869 -0.063041
-0.066878 0.953694 -0.045572
-0.066878 0.953694 0.045572
-0.059499 0.988792 0.038899
-0.059499 0.988793 -0.038899
-0.066878 0.953694 -0.045572
0.010748 0.967999 -0.091143
0.01784 0.929507 -0.216656
-0.166682 0.895505 -0.108328
-0.066878 0.953694 0.045572
-0.066878 0.953694 -0.045572
-0.166682 0.895505 -0.108328
-0.166682 0.895505 0.108328
0.010748 0.967999 0.091143
-0.066878 0.953694 0.045572
-0.166682 0.895505 0.108328
0.01784 0.929507 0.216656
0.088373 0.982303 0.045572
0.010748 0.967999 0.091143
0.01784 0.929507 0.216656
0.202363 0.963509 0.108328
0.088373 0.982303 -0.045572
0.088373 0.982303 0.045572
0.202363 0.963509 0.108328
0.202363 0.963509 -0.108328
0.010748 0.967999 -0.091143
0.088373 0.982303 -0.045572
0.202363 0.963509 -0.108328
0.01784 0.929507 -0.216656
0.062978 1.044974 -0.038898
0.00174 1.016883 -0.077797
-0.059578 1.082844 -0.036076
-0.044462 1.110187 -0.018038
0.088373 0.982303 0.045572
0.088373 0.982303 -0.045572
0.062978 1.044974 -0.038898
0.062978 1.044974 0.038899
-0.066878 0.953694 0.045572
0.010748 0.967999 0.091143
0.00174 1.016883 0.077797
-0.059499 0.988792 0.038899
0.010748 0.967999 -0.091143
-0.066878 0.953694 -0.045572
-0.059499 0.988793 -0.038899
0.00174 1.016883 -0.077797
0.088373 0.982303 -0.045572
0.010748 0.967999 -0.091143
0.00174 1.016883 -0.077797
0.062978 1.044974 -0.038898
0.010748 0.967999 0.091143
0.088373 0.982303 0.045572
0.062978 1.044974 0.038899
0.00174 1.016883 0.077797
-0.044462 1.110187 0.018038
-0.044462 1.110187 -0.018038
-0.149674 1.093444 0.0
0.00174 1.016883 0.077797
0.062978 1.044974 0.038899
-0.044462 1.110187 0.018038
-0.059578 1.082844 0.036076
-0.059499 0.988793 -0.038899
-0.059499 0.988792 0.038899
-0.074694 1.055501 0.018038
-0.074694 1.055501 -0.018038
0.062978 1.044974 0.038899
0.062978 1.044974 -0.038898
-0.044462 1.110187 -0.018038
-0.044462 1.110187 0.018038
-0.059499 0.988792 0.038899
0.00174 1.016883 0.077797
-0.059578 1.082844 0.036076
-0.074694 1.055501 0.018038
0.00174 1.016883 -0.077797
-0.059499 0.988793 -0.038899
-0.074694 1.055501 -0.018038
-0.059578 1.082844 -0.036076
-0.074694 1.055501 0.018038
-0.059578 1.082844 0.036076
-0.149674 1.093444 0.0
-0.059578 1.082844 -0.036076
-0.074694 1.055501 -0.018038
-0.149674 1.093444 0.0
-0.044462 1.110187 -0.018038
-0.059578 1.082844 -0.036076
-0.149674 1.093444 0.0
-0.059578 1.082844 0.036076
-0.044462 1.110187 0.018038
-0.149674 1.093444 0.0
-0.074694 1.055501 -0.018038
-0.074694 1.055501 0.018038
-0.149674 1.093444 0.0
0.049872 0.850623 0.086887
0.032506 0.784351 0.069337
0.088092 0.78537 0.069337
0.071367 0.860896 0.086887
0.049872 0.850623 0.086887
0.049872 0.850623 0.086887
0.071367 0.860896 0.086887
0.071367 0.860896 0.086887
0.032506 0.784351 0.0
0.072821 0.752682 0.0
0.064404 0.763295 0.059856
0.032506 0.784351 0.069337
0.09837 0.776424 0.000296
0.095097 0.805004 0.0
0.093269 0.80731 0.069337
0.088092 0.78537 0.069337
0.088092 0.78537 0.069337
0.093269 0.80731 0.069337
0.071367 0.860896 0.086887
0.032506 0.784351 0.069337
0.064404 0.763295 0.059856
0.089166 0.758159 0.059856
0.088092 0.78537 0.069337
0.088092 0.78537 0.069337
0.089166 0.758159 0.059856
0.108849 0.751978 0.0
0.09837 0.776424 0.000296
0.108849 0.751978 0.0
0.130174 0.720541 0.0
0.116462 0.728955 -0.041769
0.089166 0.758455 -0.058969
0.049872 0.850623 -0.086887
0.071367 0.860896 -0.086887
0.088092 0.78537 -0.069337
0.032506 0.784351 -0.069337
0.049872 0.850623 -0.086887
0.071367 0.860896 -0.086887
0.071367 0.860896 -0.086887
0.049872 0.850623 -0.086887
0.032506 0.784351 0.0
0.032506 0.784351 -0.069337
0.064404 0.763295 -0.059856
0.072821 0.752682 0.0
0.09837 0.776424 0.000296
0.088092 0.78537 -0.069337
0.093269 0.80731 -0.069337
0.095097 0.805004 0.0
0.088092 0.78537 -0.069337
0.071367 0.860896 -0.086887
0.093269 0.80731 -0.069337
0.032506 0.784351 -0.069337
0.088092 0.78537 -0.069337
0.089166 0.758455 -0.058969
0.064404 0.763295 -0.059856
0.088092 0.78537 -0.069337
0.09837 0.776424 0.000296
0.108849 0.751978 0.0
0.089166 0.758455 -0.058969
0.089166 0.758159 0.059856
0.116462 0.730138 0.040882
0.130174 0.720541 0.0
0.108849 0.751978 0.0
0.130174 0.720541 0.0
0.150459 0.70183 0.0
0.150459 0.70183 -0.012642
0.116462 0.728955 -0.041769
0.116944 0.709455 0.0
0.148594 0.69623 0.0
0.148594 0.69623 0.012642
0.104389 0.725284 0.039403
0.064404 0.763295 0.059856
0.104389 0.725284 0.039403
0.116462 0.730138 0.040882
0.089166 0.758159 0.059856
0.089166 0.758455 -0.058969
0.116462 0.728955 -0.041769
0.104389 0.725284 -0.039403
0.064404 0.763295 -0.059856
0.072821 0.752682 0.0
0.116944 0.709455 0.0
0.104389 0.725284 0.039403
0.064404 0.763295 0.059856
0.064404 0.763295 -0.059856
0.104389 0.725284 -0.039403
0.116944 0.709455 0.0
0.072821 0.752682 0.0
0.150459 0.70183 0.012642
0.148594 0.69623 0.012642
0.148594 0.69623 0.0
0.150459 0.70183 0.0
0.150459 0.70183 -0.012642
0.150459 0.70183 0.0
0.148594 0.69623 0.0
0.148594 0.69623 -0.012642
0.116462 0.728955 -0.041769
0.150459 0.70183 -0.012642
0.148594 0.69623 -0.012642
0.104389 0.725284 -0.039403
0.116462 0.730138 0.040882
0.150459 0.70183 0.012642
0.150459 0.70183 0.0
0.130174 0.720541 0.0
0.104389 0.725284 0.039403
0.148594 0.69623 0.012642
0.150459 0.70183 0.012642
0.116462 0.730138 0.040882
0.104389 0.725284 -0.039403
0.148594 0.69623 -0.012642
0.148594 0.69623 0.0
0.116944 0.709455 0.0
0.130822 0.371057 0.12973
0.138631 0.265986 0.12973
0.09763 0.638668 -0.106835
0.089821 0.74374 -0.106835
0.138035 0.35325 0.12973
0.145844 0.295241 0.12973
0.146781 0.299057 -0.12527
0.138972 0.357066 -0.12527
0.236416 -0.01992 0.209723
0.236416 0.789521 0.209723
0.236416 0.789521 0.183292
0.236416 -0.01992 0.183292
0.236416 -0.01992 0.183292
0.236416 0.789521 0.183292
0.262847 0.789521 0.183292
0.262847 -0.01992 0.183292
0.262847 -0.01992 0.183292
0.262847 0.789521 0.183292
0.262847 0.789521 0.209723
0.262847 -0.01992 0.209723
0.262847 -0.01992 0.209723
0.262847 0.789521 0.209723
0.236416 0.789521 0.209723
0.236416 -0.01992 0.209723
0.236416 -0.01992 0.183292
0.262847 -0.01992 0.183292
0.262847 -0.01992 0.209723
0.236416 -0.01992 0.209723
0.262847 0.789521 0.183292
0.236416 0.789521 0.183292
0.236416 0.789521 0.209723
0.262847 0.789521 0.209723
0.25005 0.813961 0.196321
0.278556 0.835738 0.217032
0.239162 0.835738 0.229832
0.278556 0.835738 0.217032
0.25005 0.813961 0.196321
0.278556 0.835738 0.175611
0.25005 0.813961 0.196321
0.239162 0.835738 0.229832
0.214815 0.835738 0.196321
0.25005 0.813961 0.196321
0.214815 0.835738 0.196321
0.239162 0.835738 0.16281
0.25005 0.813961 0.196321
0.239162 0.835738 0.16281
0.278556 0.835738 0.175611
0.278556 0.835738 0.217032
0.278556 0.835738 0.175611
0.285286 0.870974 0.196321
0.239162 0.835738 0.229832
0.278556 0.835738 0.217032
0.260938 0.870974 0.229832
0.214815 0.835738 0.196321
0.239162 0.835738 0.229832
0.221544 0.870974 0.217032
0.239162 0.835738 0.16281
0.214815 0.835738 0.196321
0.221544 0.870974 0.175611
0.278556 0.835738 0.175611
0.239162 0.835738 0.16281
0.260938 0.870974 0.16281
0.278556 0.835738 0.217032
0.285286 0.870974 0.196321
0.260938 0.870974 0.229832
0.239162 0.835738 0.229832
0.260938 0.870974 0.229832
0.221544 0.870974 0.217032
0.214815 0.835738 0.196321
0.221544 0.870974 0.217032
0.221544 0.870974 0.175611
0.239162 0.835738 0.16281
0.221544 0.870974 0.175611
0.260938 0.870974 0.16281
0.278556 0.835738 0.175611
0.260938 0.870974 0.16281
0.285286 0.870974 0.196321
0.260938 0.870974 0.229832
0.285286 0.870974 0.196321
0.25005 0.892751 0.196321
0.221544 0.870974 0.217032
0.260938 0.870974 0.229832
0.25005 0.892751 0.196321
0.221544 0.870974 0.175611
0.221544 0.870974 0.217032
0.25005 0.892751 0.196321
0.260938 0.870974 0.16281
0.221544 0.870974 0.175611
0.25005 0.892751 0.196321
0.285286 0.870974 0.196321
0.260938 0.870974 0.16281
0.25005 0.892751 0.196321
-0.063815 0.292173 -0.276559
0.053336 0.292173 -0.276559
0.053336 0.28369 -0.24066
-0.063815 0.28369 -0.24066
0.053336 0.28369 -0.24066
0.053336 0.292173 -0.276559
0.053336 0.405813 -0.249706
0.053336 0.39733 -0.213807
-0.063815 0.292173 -0.276559
-0.063815 0.28369 -0.24066
-0.063815 0.39733 -0.213807
-0.063815 0.405813 -0.249706
-0.073869 0.399619 -0.210013
0.063389 0.399619 -0.210013
0.063389 0.409558 -0.252074
-0.073869 0.409558 -0.252074
0.063389 0.399619 -0.210013
-0.073869 0.399619 -0.210013
-0.073869 0.278161 -0.234041
0.063389 0.278161 -0.234041
-0.073869 0.409558 -0.252074
0.063389 0.409558 -0.252074
0.063389 0.290192 -0.284953
-0.073869 0.290192 -0.284953

no_normals
0.375 0.0
0.625 0.0
0.625 0.25
0.375 0.25
0.375 0.25
0.625 0.25
0.625 0.5
0.375 0.5
0.375 0.5
0.625 0.5
0.625 0.75
0.375 0.75
0.375 0.75
0.625 0.75
0.625 1.0
0.375 1.0
0.625 0.5
0.875 0.5
0.875 0.75
0.625 0.75
0.0 0.5
1.0 0.5
1.0 1.0
0.0 1.0
0.0 1.0
1.0 1.0
1.0 1.0
0.0 1.0
0.0 1.0
1.0 1.0
1.0 1.0
0.0 1.0
0.0 1.0
0.0 1.0
0.0 1.0
0.0 0.5
0.0 0.5
0.0 1.0
1.0 1.0
1.0 0.5
0.0 1.0
0.0 1.0
1.0 1.0
1.0 1.0
0.0 1.0
0.0 1.0
1.0 1.0
1.0 1.0
0.0 1.0
0.0 0.5
0.0 1.0
0.0 1.0
0.375 0.0
0.625 0.0
0.625 0.25
0.375 0.25
0.375 0.25
0.625 0.25
0.625 0.5
0.375 0.5
0.375 0.5
0.625 0.5
0.625 0.75
0.375 0.75
0.375 0.75
0.625 0.75
0.625 1.0
0.375 1.0
0.375 0.0
0.375 0.25
0.375 0.25
0.375 0.0
0.625 0.5
0.875 0.5
0.875 0.75
0.625 0.75
0.125 0.5
0.375 0.5
0.375 0.75
0.125 0.75
0.375 0.5
0.375 0.75
0.375 0.75
0.375 0.5
0.375 0.75
0.375 1.0
0.375 1.0
0.375 0.75
0.375 0.25
0.375 0.5
0.375 0.5
0.375 0.25
0.0 0.0
0.0 0.0
0.0 0.0
0.0 0.0
0.0 0.0
0.0 0.0
0.0 0.0
0.0 0.0
0.0 0.0
0.0 0.0
0.0 0.0
0.0 0.0
0.0 0.0
0.0 0.0
0.0 0.0
0.0 0.0
0.0 0.0
0.0 0.0
0.0 0.0
0.0 0.0
0.0 0.0
0.0 0.0
0.0 0.0
0.0 0.0
0.0 0.0
0.0 0.0
0.0 0.0
0.0 0.0
0.0 0.0
0.0 0.0
0.0 0.0
0.0 0.0
0.0 0.0
0.0 0.0
0.0 0.0
0.0 0.0
0.0 0.0
0.0 0.0
0.0 0.0
0.0 0.0
0.0 0.0
0.0 0.0
0.0 0.0
0.0 0.0
0.0 0.0
0.0 0.0
0.0 0.0
0.0 0.0
0.0 0.0
0.0 0.0
0.0 0.0
0.0 0.0
0.0 0.0
0.0 0.0
0.0 0.0
0.0 0.0
0.0 0.0
0.0 0.0
0.0 0.0
0.0 0.0
0.0 0.0
0.0 0.0
0.0 0.0
0.0 0.0
0.0 0.0
0.0 0.0
0.0 0.0
0.0 0.0
0.0 0.0
0.0 0.0
0.0 0.0
0.0 0.0
0.0 0.0
0.0 0.0
0.0 0.0
0.0 0.0
0.0 0.0
0.0 0.0
0.0 0.0
0.0 0.0
0.0 0.0
0.0 0.0
0.0 0.0
0.0 0.0
0.0 0.0
0.0 0.0
0.0 0.0
0.0 0.0
0.0 0.0
0.0 0.0
0.0 0.0
0.0 0.0
0.0 0.0
0.0 0.0
0.0 0.0
0.0 0.0
0.0 0.0
0.0 0.0
0.0 0.0
0.0 0.0
0.0 0.0
0.0 0.0
0.0 0.0
0.0 0.0
0.0 0.0
0.0 0.0
0.0 0.0
0.0 0.0
0.0 0.0
0.0 0.0
0.0 0.0
0.0 0.0
0.0 0.0
0.0 0.0
0.0 0.0
0.0 0.0
0.0 0.0
0.0 0.0
0.0 0.0
0.0 0.0
0.0 0.0
0.0 0.0
0.0 0.0
0.0 0.0
0.0 0.0
0.0 0.0
0.0 0.0
0.0 0.0
0.0 0.0
0.0 0.0
0.0 0.0
0.0 0.0
0.0 0.0
0.0 0.0
0.0 0.0
0.0 0.0
0.0 0.0
0.0 0.0
0.0 0.0
0.0 0.0
0.0 0.0
0.0 0.0
0.0 0.0
0.0 0.0
0.0 0.0
0.0 0.0
0.0 0.0
0.0 0.0
0.0 0.0
0.0 0.0
0.0 0.0
0.0 0.0
0.0 0.0
0.0 0.0
0.0 0.0
0.0 0.0
0.0 0.0
0.0 0.0
0.0 0.0
0.0 0.0
0.0 0.0
0.0 0.0
0.0 0.0
0.0 0.0
0.0 0.0
0.0 0.0
0.0 0.0
0.0 0.0
0.0 0.0
0.0 0.0
0.0 0.0
0.0 0.0
0.0 0.0
0.0 0.0
0.0 0.0
0.0 0.0
0.0 0.0
0.0 0.0
0.0 0.0
0.0 0.0
0.0 0.0
0.0 0.0
0.0 0.0
0.0 0.0
0.0 0.0
0.0 0.0
0.0 0.0
0.0 0.0
0.0 0.0
0.0 0.0
0.0 0.0
0.0 0.0
0.0 0.0
0.0 0.0
0.0 0.0
0.0 0.0
0.0 0.0
0.0 0.0
0.0 0.0
0.0 0.0
0.0 0.0
1.0 0.0
1.0 1.0
0.0 1.0
0.0 0.0
1.0 0.0
1.0 1.0
0.0 1.0
0.375 0.0
0.625 0.0
0.625 0.25
0.375 0.25
0.375 0.25
0.625 0.25
0.625 0.5
0.375 0.5
0.375 0.5
0.625 0.5
0.625 0.75
0.375 0.75
0.375 0.75
0.625 0.75
0.625 1.0
0.375 1.0
0.125 0.5
0.375 0.5
0.375 0.75
0.125 0.75
0.625 0.5
0.875 0.5
0.875 0.75
0.625 0.75
0.818181 0.0
0.727272 0.157461
0.90909 0.157461
0.727272 0.157461
0.636363 0.0
0.545454 0.157461
0.090909 0.0
0.0 0.157461
0.181818 0.157461
0.272727 0.0
0.181818 0.157461
0.363636 0.157461
0.454545 0.0
0.363636 0.157461
0.545454 0.157461
0.727272 0.157461
0.545454 0.157461
0.636363 0.314921
0.90909 0.157461
0.727272 0.157461
0.818181 0.314921
0.181818 0.157461
0.0 0.157461
0.090909 0.314921
0.363636 0.157461
0.181818 0.157461
0.272727 0.314921
0.545454 0.157461
0.363636 0.157461
0.454545 0.314921
0.727272 0.157461
0.636363 0.314921
0.818181 0.314921
0.90909 0.157461
0.818181 0.314921
1.0 0.314921
0.181818 0.157461
0.090909 0.314921
0.272727 0.314921
0.363636 0.157461
0.272727 0.314921
0.454545 0.314921
0.545454 0.157461
0.454545 0.314921
0.636363 0.314921
0.818181 0.314921
0.636363 0.314921
0.727272 0.472382
1.0 0.314921
0.818181 0.314921
0.90909 0.472382
0.272727 0.314921
0.090909 0.314921
0.181818 0.472382
0.454545 0.314921
0.272727 0.314921
0.363636 0.472382
0.636363 0.314921
0.454545 0.314921
0.545454 0.472382
0.0 0.0
1.0 0.0
1.0 1.0
0.0 1.0
1.0 1.0
1.0 0.0
1.0 0.0
1.0 1.0
0.0 0.0
0.0 1.0
0.0 1.0
0.0 0.0
0.0 0.0
0.0 0.0
0.0 0.0
0.0 0.0
0.0 0.0
0.0 0.0
0.0 0.0
0.0 0.0
0.0 0.0
0.0 0.0
0.0 0.0
0.0 0.0

0.258546 0.258546 0.258546 1.0
0.258546 0.258546 0.258546 1.0
0.258546 0.258546 0.258546 1.0
0.258546 0.258546 0.258546 1.0
0.258546 0.258546 0.258546 1.0
0.258546 0.258546 0.258546 1.0
0.258546 0.258546 0.258546 1.0
0.258546 0.258546 0.258546 1.0
0.258546 0.258546 0.258546 1.0
0.258546 0.258546 0.258546 1.0
0.258546 0.258546 0.258546 1.0
0.258546 0.258546 0.258546 1.0
0.258546 0.258546 0.258546 1.0
0.258546 0.258546 0.258546 1.0
0.258546 0.258546 0.258546 1.0
0.258546 0.258546 0.258546 1.0
0.258546 0.258546 0.258546 1.0
0.258546 0.258546 0.258546 1.0
0.258546 0.258546 0.258546 1.0
0.258546 0.258546 0.258546 1.0
0.469641 0.169699 0.692552 1.0
0.469641 0.169699 0.692552 1.0
0.469641 0.169699 0.692552 1.0
0.469641 0.169699 0.692552 1.0
0.469641 0.169699 0.692552 1.0
0.469641 0.169699 0.692552 1.0
0.469641 0.169699 0.692552 1.0
0.469641 0.169699 0.692552 1.0
0.469641 0.169699 0.692552 1.0
0.469641 0.169699 0.692552 1.0
0.469641 0.169699 0.692552 1.0
0.469641 0.169699 0.692552 1.0
0.469641 0.169699 0.692552 1.0
0.469641 0.169699 0.692552 1.0
0.469641 0.169699 0.692552 1.0
0.469641 0.169699 0.692552 1.0
0.469641 0.169699 0.692552 1.0
0.469641 0.169699 0.692552 1.0
0.469641 0.169699 0.692552 1.0
0.469641 0.169699 0.692552 1.0
0.469641 0.169699 0.692552 1.0
0.469641 0.169699 0.692552 1.0
0.469641 0.169699 0.692552 1.0
0.469641 0.169699 0.692552 1.0
0.469641 0.169699 0.692552 1.0
0.469641 0.169699 0.692552 1.0
0.469641 0.169699 0.692552 1.0
0.469641 0.169699 0.692552 1.0
0.469641 0.169699 0.692552 1.0
0.469641 0.169699 0.692552 1.0
0.469641 0.169699 0.692552 1.0
0.469641 0.169699 0.692552 1.0
0.8 0.496053 0.215616 1.0
0.8 0.496053 0.215616 1.0
0.8 0.496053 0.215616 1.0
0.8 0.496053 0.215616 1.0
0.8 0.496053 0.215616 1.0
0.8 0.496053 0.215616 1.0
0.8 0.496053 0.215616 1.0
0.8 0.496053 0.215616 1.0
0.8 0.496053 0.215616 1.0
0.8 0.496053 0.215616 1.0
0.8 0.496053 0.215616 1.0
0.8 0.496053 0.215616 1.0
0.8 0.496053 0.215616 1.0
0.8 0.496053 0.215616 1.0
0.8 0.496053 0.215616 1.0
0.8 0.496053 0.215616 1.0
0.8 0.496053 0.215616 1.0
0.8 0.496053 0.215616 1.0
0.8 0.496053 0.215616 1.0
0.8 0.496053 0.215616 1.0
0.8 0.496053 0.215616 1.0
0.8 0.496053 0.215616 1.0
0.8 0.496053 0.215616 1.0
0.8 0.496053 0.215616 1.0
0.8 0.496053 0.215616 1.0
0.8 0.496053 0.215616 1.0
0.8 0.496053 0.215616 1.0
0.8 0.496053 0.215616 1.0
0.8 0.496053 0.215616 1.0
0.8 0.496053 0.215616 1.0
0.8 0.496053 0.215616 1.0
0.8 0.496053 0.215616 1.0
0.8 0.496053 0.215616 1.0
0.8 0.496053 0.215616 1.0
0.8 0.496053 0.215616 1.0
0.8 0.496053 0.215616 1.0
0.8 0.496053 0.215616 1.0
0.8 0.496053 0.215616 1.0
0.8 0.496053 0.215616 1.0
0.8 0.496053 0.215616 1.0
0.469641 0.169699 0.692552 1.0
0.469641 0.169699 0.692552 1.0
0.469641 0.169699 0.692552 1.0
0.469641 0.169699 0.692552 1.0
0.469641 0.169699 0.692552 1.0
0.469641 0.169699 0.692552 1.0
0.469641 0.169699 0.692552 1.0
0.469641 0.169699 0.692552 1.0
0.469641 0.169699 0.692552 1.0
0.469641 0.169699 0.692552 1.0
0.469641 0.169699 0.692552 1.0
0.469641 0.169699 0.692552 1.0
0.469641 0.169699 0.692552 1.0
0.469641 0.169699 0.692552 1.0
0.469641 0.169699 0.692552 1.0
0.469641 0.169699 0.692552 1.0
0.469641 0.169699 0.692552 1.0
0.469641 0.169699 0.692552 1.0
0.469641 0.169699 0.692552 1.0
0.469641 0.169699 0.692552 1.0
0.469641 0.169699 0.692552 1.0
0.469641 0.169699 0.692552 1.0
0.469641 0.169699 0.692552 1.0
0.469641 0.169699 0.692552 1.0
0.469641 0.169699 0.692552 1.0
0.469641 0.169699 0.692552 1.0
0.469641 0.169699 0.692552 1.0
0.469641 0.169699 0.692552 1.0
0.469641 0.169699 0.692552 1.0
0.469641 0.169699 0.692552 1.0
0.469641 0.169699 0.692552 1.0
0.469641 0.169699 0.692552 1.0
0.469641 0.169699 0.692552 1.0
0.469641 0.169699 0.692552 1.0
0.469641 0.169699 0.692552 1.0
0.469641 0.169699 0.692552 1.0
0.469641 0.169699 0.692552 1.0
0.469641 0.169699 0.692552 1.0
0.469641 0.169699 0.692552 1.0
0.469641 0.169699 0.692552 1.0
0.469641 0.169699 0.692552 1.0
0.469641 0.169699 0.692552 1.0
0.469641 0.169699 0.692552 1.0
0.469641 0.169699 0.692552 1.0
0.469641 0.169699 0.692552 1.0
0.469641 0.169699 0.692552 1.0
0.469641 0.169699 0.692552 1.0
0.469641 0.169699 0.692552 1.0
0.469641 0.169699 0.692552 1.0
0.469641 0.169699 0.692552 1.0
0.469641 0.169699 0.692552 1.0
0.469641 0.169699 0.692552 1.0
0.469641 0.169699 0.692552 1.0
0.469641 0.169699 0.692552 1.0
0.469641 0.169699 0.692552 1.0
0.469641 0.169699 0.692552 1.0
0.469641 0.169699 0.692552 1.0
0.469641 0.169699 0.692552 1.0
0.469641 0.169699 0.692552 1.0
0.469641 0.169699 0.692552 1.0
0.469641 0.169699 0.692552 1.0
0.469641 0.169699 0.692552 1.0
0.469641 0.169699 0.692552 1.0
0.469641 0.169699 0.692552 1.0
0.469641 0.169699 0.692552 1.0
0.469641 0.169699 0.692552 1.0
0.469641 0.169699 0.692552 1.0
0.469641 0.169699 0.692552 1.0
0.469641 0.169699 0.692552 1.0
0.469641 0.169699 0.692552 1.0
0.469641 0.169699 0.692552 1.0
0.469641 0.169699 0.692552 1.0
0.469641 0.169699 0.692552 1.0
0.469641 0.169699 0.692552 1.0
0.469641 0.169699 0.692552 1.0
0.469641 0.169699 0.692552 1.0
0.469641 0.169699 0.692552 1.0
0.469641 0.169699 0.692552 1.0
0.469641 0.169699 0.692552 1.0
0.469641 0.169699 0.692552 1.0
0.469641 0.169699 0.692552 1.0
0.469641 0.169699 0.692552 1.0
0.469641 0.169699 0.692552 1.0
0.469641 0.169699 0.692552 1.0
0.469641 0.169699 0.692552 1.0
0.469641 0.169699 0.692552 1.0
0.469641 0.169699 0.692552 1.0
0.469641 0.169699 0.692552 1.0
0.469641 0.169699 0.692552 1.0
0.469641 0.169699 0.692552 1.0
0.512161 0.512161 0.512161 1.0
0.512161 0.512161 0.512161 1.0
0.512161 0.512161 0.512161 1.0
0.512161 0.512161 0.512161 1.0
0.512161 0.512161 0.512161 1.0
0.512161 0.512161 0.512161 1.0
0.512161 0.512161 0.512161 1.0
0.512161 0.512161 0.512161 1.0
0.512161 0.512161 0.512161 1.0
0.512161 0.512161 0.512161 1.0
0.512161 0.512161 0.512161 1.0
0.512161 0.512161 0.512161 1.0
0.512161 0.512161 0.512161 1.0
0.512161 0.512161 0.512161 1.0
0.512161 0.512161 0.512161 1.0
0.512161 0.512161 0.512161 1.0
0.512161 0.512161 0.512161 1.0
0.512161 0.512161 0.512161 1.0
0.512161 0.512161 0.512161 1.0
0.512161 0.512161 0.512161 1.0
0.512161 0.512161 0.512161 1.0
0.512161 0.512161 0.512161 1.0
0.512161 0.512161 0.512161 1.0
0.512161 0.512161 0.512161 1.0
0.512161 0.512161 0.512161 1.0
0.512161 0.512161 0.512161 1.0
0.512161 0.512161 0.512161 1.0
0.512161 0.512161 0.512161 1.0
0.512161 0.512161 0.512161 1.0
0.512161 0.512161 0.512161 1.0
0.512161 0.512161 0.512161 1.0
0.512161 0.512161 0.512161 1.0
0.512161 0.512161 0.512161 1.0
0.512161 0.512161 0.512161 1.0
0.512161 0.512161 0.512161 1.0
0.512161 0.512161 0.512161 1.0
0.512161 0.512161 0.512161 1.0
0.512161 0.512161 0.512161 1.0
0.512161 0.512161 0.512161 1.0
0.512161 0.512161 0.512161 1.0
0.512161 0.512161 0.512161 1.0
0.512161 0.512161 0.512161 1.0
0.512161 0.512161 0.512161 1.0
0.512161 0.512161 0.512161 1.0
0.512161 0.512161 0.512161 1.0
0.512161 0.512161 0.512161 1.0
0.512161 0.512161 0.512161 1.0
0.512161 0.512161 0.512161 1.0
0.512161 0.512161 0.512161 1.0
0.512161 0.512161 0.512161 1.0
0.512161 0.512161 0.512161 1.0
0.512161 0.512161 0.512161 1.0
0.512161 0.512161 0.512161 1.0
0.512161 0.512161 0.512161 1.0
0.512161 0.512161 0.512161 1.0
0.512161 0.512161 0.512161 1.0
0.512161 0.512161 0.512161 1.0
0.512161 0.512161 0.512161 1.0
0.512161 0.512161 0.512161 1.0
0.512161 0.512161 0.512161 1.0
0.512161 0.512161 0.512161 1.0
0.512161 0.512161 0.512161 1.0
0.512161 0.512161 0.512161 1.0
0.512161 0.512161 0.512161 1.0
0.512161 0.512161 0.512161 1.0
0.512161 0.512161 0.512161 1.0
0.512161 0.512161 0.512161 1.0
0.512161 0.512161 0.512161 1.0
0.512161 0.512161 0.512161 1.0
0.512161 0.512161 0.512161 1.0
0.512161 0.512161 0.512161 1.0
0.512161 0.512161 0.512161 1.0
0.512161 0.512161 0.512161 1.0
0.512161 0.512161 0.512161 1.0
0.512161 0.512161 0.512161 1.0
0.512161 0.512161 0.512161 1.0
0.512161 0.512161 0.512161 1.0
0.512161 0.512161 0.512161 1.0
0.512161 0.512161 0.512161 1.0
0.512161 0.512161 0.512161 1.0
0.512161 0.512161 0.512161 1.0
0.512161 0.512161 0.512161 1.0
0.512161 0.512161 0.512161 1.0
0.512161 0.512161 0.512161 1.0
0.512161 0.512161 0.512161 1.0
0.512161 0.512161 0.512161 1.0
0.512161 0.512161 0.512161 1.0
0.512161 0.512161 0.512161 1.0
0.512161 0.512161 0.512161 1.0
0.512161 0.512161 0.512161 1.0
0.512161 0.512161 0.512161 1.0
0.512161 0.512161 0.512161 1.0
0.512161 0.512161 0.512161 1.0
0.512161 0.512161 0.512161 1.0
0.512161 0.512161 0.512161 1.0
0.512161 0.512161 0.512161 1.0
0.512161 0.512161 0.512161 1.0
0.512161 0.512161 0.512161 1.0
0.512161 0.512161 0.512161 1.0
0.512161 0.512161 0.512161 1.0
0.512161 0.512161 0.512161 1.0
0.512161 0.512161 0.512161 1.0
0.512161 0.512161 0.512161 1.0
0.512161 0.512161 0.512161 1.0
0.512161 0.512161 0.512161 1.0
0.512161 0.512161 0.512161 1.0
0.512161 0.512161 0.512161 1.0
0.512161 0.512161 0.512161 1.0
0.512161 0.512161 0.512161 1.0
0.512161 0.512161 0.512161 1.0
0.827125 0.374225 0.050702 1.0
0.827125 0.374225 0.050702 1.0
0.827125 0.374225 0.050702 1.0
0.827125 0.374225 0.050702 1.0
0.827125 0.374225 0.050702 1.0
0.827125 0.374225 0.050702 1.0
0.827125 0.374225 0.050702 1.0
0.827125 0.374225 0.050702 1.0
0.12261 0.083545 0.0274 1.0
0.12261 0.083545 0.0274 1.0
0.12261 0.083545 0.0274 1.0
0.12261 0.083545 0.0274 1.0
0.12261 0.083545 0.0274 1.0
0.12261 0.083545 0.0274 1.0
0.12261 0.083545 0.0274 1.0
0.12261 0.083545 0.0274 1.0
0.12261 0.083545 0.0274 1.0
0.12261 0.083545 0.0274 1.0
0.12261 0.083545 0.0274 1.0
0.12261 0.083545 0.0274 1.0
0.12261 0.083545 0.0274 1.0
0.12261 0.083545 0.0274 1.0
0.12261 0.083545 0.0274 1.0
0.12261 0.083545 0.0274 1.0
0.12261 0.083545 0.0274 1.0
0.12261 0.083545 0.0274 1.0
0.12261 0.083545 0.0274 1.0
0.12261 0.083545 0.0274 1.0
0.12261 0.083545 0.0274 1.0
0.12261 0.083545 0.0274 1.0
0.12261 0.083545 0.0274 1.0
0.12261 0.083545 0.0274 1.0
0.0 1.0 0.0 1.0
0.0 1.0 0.0 1.0
0.0 1.0 0.0 1.0
0.0 1.0 0.0 1.0
0.0 1.0 0.0 1.0
0.0 1.0 0.0 1.0
0.0 1.0 0.0 1.0
0.0 1.0 0.0 1.0
0.0 1.0 0.0 1.0
0.0 1.0 0.0 1.0
0.0 1.0 0.0 1.0
0.0 1.0 0.0 1.0
0.0 1.0 0.0 1.0
0.0 1.0 0.0 1.0
0.0 1.0 0.0 1.0
0.0 1.0 0.0 1.0
0.0 1.0 0.0 1.0
0.0 1.0 0.0 1.0
0.0 1.0 0.0 1.0
0.0 1.0 0.0 1.0
0.0 1.0 0.0 1.0
0.0 1.0 0.0 1.0
0.0 1.0 0.0 1.0
0.0 1.0 0.0 1.0
0.0 1.0 0.0 1.0
0.0 1.0 0.0 1.0
0.0 1.0 0.0 1.0
0.0 1.0 0.0 1.0
0.0 1.0 0.0 1.0
0.0 1.0 0.0 1.0
0.0 1.0 0.0 1.0
0.0 1.0 0.0 1.0
0.0 1.0 0.0 1.0
0.0 1.0 0.0 1.0
0.0 1.0 0.0 1.0
0.0 1.0 0.0 1.0
0.0 1.0 0.0 1.0
0.0 1.0 0.0 1.0
0.0 1.0 0.0 1.0
0.0 1.0 0.0 1.0
0.0 1.0 0.0 1.0
0.0 1.0 0.0 1.0
0.0 1.0 0.0 1.0
0.0 1.0 0.0 1.0
0.0 1.0 0.0 1.0
0.0 1.0 0.0 1.0
0.0 1.0 0.0 1.0
0.0 1.0 0.0 1.0
0.0 1.0 0.0 1.0
0.0 1.0 0.0 1.0
0.0 1.0 0.0 1.0
0.0 1.0 0.0 1.0
0.0 1.0 0.0 1.0
0.0 1.0 0.0 1.0
0.0 1.0 0.0 1.0
0.0 1.0 0.0 1.0
0.0 1.0 0.0 1.0
0.0 1.0 0.0 1.0
0.0 1.0 0.0 1.0
0.0 1.0 0.0 1.0
1.0 0.8379 0.582084 1.0
1.0 0.8379 0.582084 1.0
1.0 0.8379 0.582084 1.0
1.0 0.8379 0.582084 1.0
1.0 0.8379 0.582084 1.0
1.0 0.8379 0.582084 1.0
1.0 0.8379 0.582084 1.0
1.0 0.8379 0.582084 1.0
1.0 0.8379 0.582084 1.0
1.0 0.8379 0.582084 1.0
1.0 0.8379 0.582084 1.0
1.0 0.8379 0.582084 1.0
0.168629 0.175934 0.8 1.0
0.168629 0.175934 0.8 1.0
0.168629 0.175934 0.8 1.0
0.168629 0.175934 0.8 1.0
0.168629 0.175934 0.8 1.0
0.168629 0.175934 0.8 1.0
0.168629 0.175934 0.8 1.0
0.168629 0.175934 0.8 1.0
0.168629 0.175934 0.8 1.0
0.168629 0.175934 0.8 1.0
0.168629 0.175934 0.8 1.0
0.168629 0.175934 0.8 1.0

3 2 1
3 1 0
7 6 5
7 5 4
11 10 9
11 9 8
15 14 13
15 13 12
19 18 17
19 17 16
23 22 21
23 21 20
27 26 25
27 25 24
31 30 29
31 29 28
35 34 33
35 33 32
39 38 37
39 37 36
43 42 41
43 41 40
47 46 45
47 45 44
51 50 49
51 49 48
55 54 53
55 53 52
59 58 57
59 57 56
63 62 61
63 61 60
67 66 65
67 65 64
71 70 69
71 69 68
75 74 73
75 73 72
79 78 77
79 77 76
83 82 81
83 81 80
87 86 85
87 85 84
91 90 89
91 89 88
95 94 93
95 93 92
99 98 97
99 97 96
103 102 101
103 101 100
107 106 105
107 105 104
111 110 109
111 109 108
115 114 113
115 113 112
119 118 117
119 117 116
123 122 121
123 121 120
127 126 125
127 125 124
131 130 129
131 129 128
135 134 133
135 133 132
139 138 137
139 137 136
143 142 141
143 141 140
146 145 144
150 149 148
150 148 147
154 153 152
154 152 151
158 157 156
158 156 155
162 161 160
162 160 159
166 165 164
166 164 163
169 168 167
172 171 170
175 174 173
178 177 176
181 180 179
185 184 183
185 183 182
189 188 187
189 187 186
193 192 191
193 191 190
197 196 195
197 195 194
200 199 198
204 203 202
204 202 201
208 207 206
208 206 205
212 211 210
212 210 209
216 215 214
216 214 213
220 219 218
220 218 217
224 223 222
224 222 221
228 227 226
228 226 225
231 230 229
235 234 233
235 233 232
239 238 237
239 237 236
243 242 241
243 241 240
247 246 245
247 245 244
251 250 249
251 249 248
255 254 253
255 253 252
259 258 257
259 257 256
263 262 261
263 261 260
267 266 265
267 265 264
271 270 269
271 269 268
275 274 273
275 273 272
279 278 277
279 277 276
283 282 281
283 281 280
287 286 285
287 285 284
291 290 289
291 289 288
295 294 293
295 293 292
299 298 297
299 297 296
303 302 301
303 301 300
307 306 305
307 305 304
311 310 309
311 309 308
315 314 313
315 313 312
319 318 317
319 317 316
323 322 321
323 321 320
326 325 324
329 328 327
332 331 330
335 334 333
338 337 336
341 340 339
344 343 342
347 346 345
350 349 348
353 352 351
356 355 354
359 358 357
362 361 360
365 364 363
368 367 366
371 370 369
374 373 372
377 376 375
380 379 378
383 382 381
387 386 385
387 385 384
391 390 389
391 389 388
395 394 393
395 393 392
399 398 397
399 397 396
403 402 401
403 401 400
407 406 405
407 405 404
