1242 620 

-0.036825 1.81044 0.080381
-0.019605 1.890704 0.072884
-0.019605 1.890704 -0.072884
-0.036825 1.81044 -0.080381
-0.036825 1.81044 -0.080381
-0.019605 1.890704 -0.072884
0.125116 1.873273 -0.072884
0.122784 1.791216 -0.080381
0.122784 1.791216 -0.080381
0.125116 1.873273 -0.072884
0.125116 1.873273 0.072884
0.122784 1.791216 0.080381
0.122784 1.791216 0.080381
0.125116 1.873273 0.072884
-0.019605 1.890704 0.072884
-0.036825 1.81044 0.080381
-0.036825 1.81044 0.080381
-0.036825 1.81044 -0.080381
-0.003389 1.729608 -0.063041
-0.003389 1.729608 0.063041
0.125116 1.873273 -0.072884
-0.019605 1.890704 -0.072884
-0.019605 1.890704 0.072884
0.125116 1.873273 0.072884
-0.003389 1.729608 -0.063041
0.099582 1.717206 -0.063041
0.099582 1.717206 0.063041
-0.003389 1.729608 0.063041
0.122784 1.791216 -0.080381
0.122784 1.791216 0.080381
0.099582 1.717206 0.063041
0.099582 1.717206 -0.063041
0.122784 1.791216 0.080381
-0.036825 1.81044 0.080381
-0.003389 1.729608 0.063041
0.099582 1.717206 0.063041
-0.036825 1.81044 -0.080381
0.122784 1.791216 -0.080381
0.099582 1.717206 -0.063041
-0.003389 1.729608 -0.063041
0.133792 1.876335 -0.003497
0.123079 1.873249 -0.081916
0.164961 1.915878 -0.080105
0.164653 1.922039 -0.038239
0.1241 1.819123 -0.089884
0.123079 1.873249 -0.081916
0.143689 1.842921 -0.019352
0.051409 1.882339 -0.079619
0.123079 1.873249 -0.081916
0.1241 1.819123 -0.089884
0.03877 1.833158 -0.086028
0.03877 1.833158 -0.086028
-0.044 1.803793 -0.091117
-0.048211 1.843083 -0.131499
0.010848 1.850559 -0.144928
-0.023784 1.899459 0.00108
0.052651 1.902403 -0.00182
0.051409 1.882339 -0.079619
-0.027529 1.89262 -0.077485
-0.027529 1.89262 -0.077485
-0.044 1.803793 -0.091117
-0.065016 1.782329 -0.040946
-0.093981 1.790242 -0.041224
-0.104351 1.780442 -0.013342
-0.093981 1.790242 -0.041224
-0.083191 1.728119 -0.042765
-0.083385 1.723176 -0.018678
-0.023784 1.899459 0.00108
-0.027529 1.89262 -0.077485
-0.116033 1.800687 -0.068018
-0.11809 1.822097 -0.043422
-0.044 1.803793 -0.091117
-0.04674 1.802388 0.004449
-0.05867 1.769579 -0.010635
-0.065016 1.782329 -0.040946
0.052651 1.902403 -0.00182
0.057385 1.883832 0.080212
0.127993 1.872774 0.075902
0.133792 1.876335 -0.003497
0.122789 1.817536 0.087587
0.144019 1.840391 0.03662
0.127993 1.872774 0.075902
0.057385 1.883832 0.080212
0.044198 1.82383 0.094418
0.077876 1.854213 0.125261
0.077397 1.873452 0.125783
-0.019818 1.891197 0.081303
-0.03831 1.801259 0.091881
0.044198 1.82383 0.094418
0.057385 1.883832 0.080212
0.052651 1.902403 -0.00182
-0.023784 1.899459 0.00108
-0.008948 1.91987 0.029191
0.039366 1.92144 0.029292
-0.019818 1.891197 0.081303
-0.090249 1.791368 0.014875
-0.067402 1.780047 0.019295
-0.03831 1.801259 0.091881
-0.067402 1.780047 0.019295
-0.090249 1.791368 0.014875
-0.077796 1.721236 0.006147
-0.056552 1.734511 0.007457
-0.023784 1.899459 0.00108
-0.104351 1.780442 -0.013342
-0.090249 1.791368 0.014875
-0.019818 1.891197 0.081303
-0.03831 1.801259 0.091881
-0.067402 1.780047 0.019295
-0.05867 1.769579 -0.010635
-0.04674 1.802388 0.004449
-0.077796 1.721236 0.006147
-0.083385 1.723176 -0.018678
-0.01149 1.694675 -0.040022
-0.009921 1.695761 -0.02192
-0.055133 1.739508 -0.019729
-0.056552 1.734511 0.007457
-0.004954 1.713236 -0.020474
-0.006729 1.718126 -0.039709
-0.065016 1.782329 -0.040946
-0.05867 1.769579 -0.010635
-0.055133 1.739508 -0.019729
-0.062329 1.741881 -0.044915
-0.05867 1.769579 -0.010635
-0.067402 1.780047 0.019295
-0.056552 1.734511 0.007457
-0.055133 1.739508 -0.019729
-0.093981 1.790242 -0.041224
-0.065016 1.782329 -0.040946
-0.062329 1.741881 -0.044915
-0.083191 1.728119 -0.042765
-0.090249 1.791368 0.014875
-0.104351 1.780442 -0.013342
-0.083385 1.723176 -0.018678
-0.077796 1.721236 0.006147
-0.010832 1.715238 -0.058625
-0.006729 1.718126 -0.039709
0.116066 1.689174 -0.045434
0.115182 1.689027 -0.055993
-0.004954 1.713236 -0.020474
-0.009921 1.695761 -0.02192
0.107724 1.682547 -0.035528
0.115444 1.688812 -0.034862
-0.083385 1.723176 -0.018678
-0.083191 1.728119 -0.042765
-0.01541 1.69763 -0.05755
-0.01149 1.694675 -0.040022
-0.056552 1.734511 0.007457
-0.077796 1.721236 0.006147
-0.009921 1.695761 -0.02192
-0.004954 1.713236 -0.020474
-0.062329 1.741881 -0.044915
-0.055133 1.739508 -0.019729
-0.006729 1.718126 -0.039709
-0.010832 1.715238 -0.058625
-0.083191 1.728119 -0.042765
-0.062329 1.741881 -0.044915
-0.010832 1.715238 -0.058625
-0.01541 1.69763 -0.05755
0.107724 1.682547 -0.035528
0.107486 1.681366 -0.045407
0.118879 1.615379 -0.050073
0.116066 1.689174 -0.045434
0.115444 1.688812 -0.034862
0.118879 1.615379 -0.050073
-0.01541 1.69763 -0.05755
-0.010832 1.715238 -0.058625
0.115182 1.689027 -0.055993
0.107478 1.682749 -0.055263
-0.006729 1.718126 -0.039709
-0.004954 1.713236 -0.020474
0.115444 1.688812 -0.034862
0.116066 1.689174 -0.045434
-0.009921 1.695761 -0.02192
-0.01149 1.694675 -0.040022
0.107486 1.681366 -0.045407
0.107724 1.682547 -0.035528
-0.01149 1.694675 -0.040022
-0.01541 1.69763 -0.05755
0.107478 1.682749 -0.055263
0.107486 1.681366 -0.045407
0.107486 1.681366 -0.045407
0.107478 1.682749 -0.055263
0.118879 1.615379 -0.050073
0.115444 1.688812 -0.034862
0.107724 1.682547 -0.035528
0.118879 1.615379 -0.050073
0.115182 1.689027 -0.055993
0.116066 1.689174 -0.045434
0.118879 1.615379 -0.050073
0.107478 1.682749 -0.055263
0.115182 1.689027 -0.055993
0.118879 1.615379 -0.050073
0.143689 1.842921 -0.019352
0.123079 1.873249 -0.081916
0.133792 1.876335 -0.003497
0.127993 1.872774 0.075902
0.144019 1.840391 0.03662
0.133792 1.876335 -0.003497
-0.038432 1.89966 -0.142936
0.0151 1.889046 -0.157978
0.010848 1.850559 -0.144928
-0.048211 1.843083 -0.131499
-0.027529 1.89262 -0.077485
0.051409 1.882339 -0.079619
0.0151 1.889046 -0.157978
-0.038432 1.89966 -0.142936
0.051409 1.882339 -0.079619
0.03877 1.833158 -0.086028
0.010848 1.850559 -0.144928
0.0151 1.889046 -0.157978
-0.044 1.803793 -0.091117
-0.027529 1.89262 -0.077485
-0.038432 1.89966 -0.142936
-0.048211 1.843083 -0.131499
0.117308 1.931168 -0.0342
0.164653 1.922039 -0.038239
0.164961 1.915878 -0.080105
0.119945 1.925241 -0.083255
0.051409 1.882339 -0.079619
0.052651 1.902403 -0.00182
0.117308 1.931168 -0.0342
0.119945 1.925241 -0.083255
0.052651 1.902403 -0.00182
0.133792 1.876335 -0.003497
0.164653 1.922039 -0.038239
0.117308 1.931168 -0.0342
0.123079 1.873249 -0.081916
0.051409 1.882339 -0.079619
0.119945 1.925241 -0.083255
0.164961 1.915878 -0.080105
-0.11809 1.822097 -0.043422
-0.116033 1.800687 -0.068018
-0.137879 1.770205 -0.048622
-0.133862 1.774433 -0.039148
-0.027529 1.89262 -0.077485
-0.093981 1.790242 -0.041224
-0.137879 1.770205 -0.048622
-0.116033 1.800687 -0.068018
-0.093981 1.790242 -0.041224
-0.104351 1.780442 -0.013342
-0.133862 1.774433 -0.039148
-0.137879 1.770205 -0.048622
-0.104351 1.780442 -0.013342
-0.023784 1.899459 0.00108
-0.11809 1.822097 -0.043422
-0.133862 1.774433 -0.039148
-0.008948 1.91987 0.029191
-0.001606 1.918179 0.070595
0.036727 1.910657 0.072809
0.039366 1.92144 0.029292
-0.019818 1.891197 0.081303
0.057385 1.883832 0.080212
0.036727 1.910657 0.072809
-0.001606 1.918179 0.070595
-0.023784 1.899459 0.00108
-0.019818 1.891197 0.081303
-0.001606 1.918179 0.070595
-0.008948 1.91987 0.029191
0.057385 1.883832 0.080212
0.052651 1.902403 -0.00182
0.039366 1.92144 0.029292
0.036727 1.910657 0.072809
0.077397 1.873452 0.125783
0.077876 1.854213 0.125261
0.104464 1.839876 0.135275
0.11092 1.872325 0.120329
0.044198 1.82383 0.094418
0.122789 1.817536 0.087587
0.104464 1.839876 0.135275
0.077876 1.854213 0.125261
0.127993 1.872774 0.075902
0.057385 1.883832 0.080212
0.077397 1.873452 0.125783
0.11092 1.872325 0.120329
0.122789 1.817536 0.087587
0.127993 1.872774 0.075902
0.11092 1.872325 0.120329
0.104464 1.839876 0.135275
-0.149067 0.927546 -0.086064
0.0 0.927546 -0.172128
0.149067 0.927546 -0.086064
0.149067 0.927546 0.086064
0.0 0.927546 0.172128
-0.149067 0.927546 0.086064
-0.214979 1.041535 -0.124118
-0.214979 1.041535 0.124118
-0.194601 1.199855 0.112353
-0.194601 1.199855 -0.112353
-0.149067 0.927546 -0.086064
-0.214979 1.041535 -0.124118
0.0 1.041535 -0.248237
0.0 0.927546 -0.172128
0.0 0.927546 -0.172128
0.0 1.041535 -0.248237
0.214979 1.041535 -0.124118
0.149067 0.927546 -0.086064
0.149067 0.927546 0.086064
0.214979 1.041535 0.124118
0.0 1.041535 0.248237
0.0 0.927546 0.172128
-0.149067 0.927546 0.086064
-0.214979 1.041535 0.124118
-0.214979 1.041535 -0.124118
-0.149067 0.927546 -0.086064
0.149067 0.927546 -0.086064
0.214979 1.041535 -0.124118
0.214979 1.041535 0.124118
0.149067 0.927546 0.086064
0.0 0.927546 0.172128
0.0 1.041535 0.248237
-0.214979 1.041535 0.124118
-0.149067 0.927546 0.086064
0.0 1.199855 -0.224706
-0.194601 1.199855 -0.112353
-0.189285 1.380578 -0.109284
0.0 1.380578 -0.218567
0.214979 1.041535 0.124118
0.214979 1.041535 -0.124118
0.194601 1.199855 -0.112353
0.194601 1.199855 0.112353
-0.214979 1.041535 0.124118
0.0 1.041535 0.248237
0.0 1.199855 0.224706
-0.194601 1.199855 0.112353
0.0 1.041535 -0.248237
-0.214979 1.041535 -0.124118
-0.194601 1.199855 -0.112353
0.0 1.199855 -0.224706
0.214979 1.041535 -0.124118
0.0 1.041535 -0.248237
0.0 1.199855 -0.224706
0.194601 1.199855 -0.112353
0.0 1.041535 0.248237
0.214979 1.041535 0.124118
0.194601 1.199855 0.112353
0.0 1.199855 0.224706
0.189285 1.380578 0.109284
0.189285 1.380578 -0.109284
0.203828 1.428021 -0.11768
0.203828 1.428021 0.11768
0.194601 1.199855 -0.112353
0.0 1.199855 -0.224706
0.0 1.380578 -0.218567
0.189285 1.380578 -0.109284
0.0 1.199855 0.224706
0.194601 1.199855 0.112353
0.189285 1.380578 0.109284
0.0 1.380578 0.218567
-0.194601 1.199855 -0.112353
-0.194601 1.199855 0.112353
-0.189285 1.380578 0.109284
-0.189285 1.380578 -0.109284
0.194601 1.199855 0.112353
0.194601 1.199855 -0.112353
0.189285 1.380578 -0.109284
0.189285 1.380578 0.109284
-0.194601 1.199855 0.112353
0.0 1.199855 0.224706
0.0 1.380578 0.218567
-0.189285 1.380578 0.109284
0.155131 1.428021 0.089565
0.155131 1.428021 -0.089565
0.155131 1.01003 -0.089565
0.155131 1.01003 0.089565
-0.189285 1.380578 0.109284
0.0 1.380578 0.218567
0.0 1.428021 0.23536
-0.203828 1.428021 0.11768
0.0 1.380578 -0.218567
-0.189285 1.380578 -0.109284
-0.203828 1.428021 -0.11768
0.0 1.428021 -0.23536
0.189285 1.380578 -0.109284
0.0 1.380578 -0.218567
0.0 1.428021 -0.23536
0.203828 1.428021 -0.11768
0.0 1.380578 0.218567
0.189285 1.380578 0.109284
0.203828 1.428021 0.11768
0.0 1.428021 0.23536
-0.189285 1.380578 -0.109284
-0.189285 1.380578 0.109284
-0.203828 1.428021 0.11768
-0.203828 1.428021 -0.11768
-0.155131 1.428021 -0.089565
0.0 1.428021 -0.179129
0.0 1.428021 -0.23536
-0.203828 1.428021 -0.11768
-0.155131 1.428021 0.089565
-0.155131 1.428021 -0.089565
-0.203828 1.428021 -0.11768
-0.203828 1.428021 0.11768
0.0 1.428021 0.179129
-0.155131 1.428021 0.089565
-0.203828 1.428021 0.11768
0.0 1.428021 0.23536
0.155131 1.428021 0.089565
0.0 1.428021 0.179129
0.0 1.428021 0.23536
0.203828 1.428021 0.11768
0.155131 1.428021 -0.089565
0.155131 1.428021 0.089565
0.203828 1.428021 0.11768
0.203828 1.428021 -0.11768
0.0 1.428021 -0.179129
0.155131 1.428021 -0.089565
0.203828 1.428021 -0.11768
0.0 1.428021 -0.23536
-0.155131 1.01003 -0.089565
-0.155131 1.01003 0.089565
0.0 1.01003 0.179129
0.155131 1.01003 0.089565
0.155131 1.01003 -0.089565
0.0 1.01003 -0.179129
-0.155131 1.428021 0.089565
0.0 1.428021 0.179129
0.0 1.01003 0.179129
-0.155131 1.01003 0.089565
0.0 1.428021 -0.179129
-0.155131 1.428021 -0.089565
-0.155131 1.01003 -0.089565
0.0 1.01003 -0.179129
0.155131 1.428021 -0.089565
0.0 1.428021 -0.179129
0.0 1.01003 -0.179129
0.155131 1.01003 -0.089565
0.0 1.428021 0.179129
0.155131 1.428021 0.089565
0.155131 1.01003 0.089565
0.0 1.01003 0.179129
-0.155131 1.428021 -0.089565
-0.155131 1.428021 0.089565
-0.155131 1.01003 0.089565
-0.155131 1.01003 -0.089565
-0.110944 1.628631 0.0
-0.045567 1.714702 0.0
-0.01371 1.682438 -0.073199
-0.053219 1.618058 -0.058828
-0.053219 1.618058 -0.058828
-0.01371 1.682438 -0.073199
0.091816 1.672576 -0.091986
0.064198 1.609669 -0.092177
-0.053219 1.618058 -0.058828
0.064198 1.609669 -0.092177
0.070309 1.355627 -0.064618
-0.014688 1.351858 -0.057269
-0.110944 1.628631 0.0
-0.053219 1.618058 -0.058828
-0.014688 1.351858 -0.057269
-0.05341 1.360409 0.0
0.064198 1.609669 -0.092177
0.083687 1.608173 0.0
0.091634 1.360409 0.0
0.070309 1.355627 -0.064618
-0.05341 1.360409 0.0
-0.014688 1.351858 -0.057269
-0.014688 0.988202 -0.057269
-0.05341 0.996753 0.0
0.091816 1.672576 -0.091986
-0.01371 1.682438 -0.073199
-0.045567 1.714702 0.0
0.114244 1.697454 0.0
0.064198 1.609669 -0.092177
0.091816 1.672576 -0.091986
0.114244 1.697454 0.0
0.083687 1.608173 0.0
-0.014688 0.988202 -0.057269
0.070309 0.991972 -0.064618
0.091634 0.996753 0.0
-0.05341 0.996753 0.0
-0.014688 1.351858 -0.057269
0.070309 1.355627 -0.064618
0.070309 0.991972 -0.064618
-0.014688 0.988202 -0.057269
0.070309 1.355627 -0.064618
0.091634 1.360409 0.0
0.091634 0.996753 0.0
0.070309 0.991972 -0.064618
-0.110944 1.628631 0.0
-0.053219 1.618058 0.058828
-0.01371 1.682438 0.073199
-0.045567 1.714702 0.0
-0.053219 1.618058 0.058828
0.064198 1.609669 0.092177
0.091816 1.672576 0.091986
-0.01371 1.682438 0.073199
-0.053219 1.618058 0.058828
-0.014688 1.351858 0.057269
0.070309 1.355627 0.064618
0.064198 1.609669 0.092177
-0.110944 1.628631 0.0
-0.05341 1.360409 0.0
-0.014688 1.351858 0.057269
-0.053219 1.618058 0.058828
0.064198 1.609669 0.092177
0.070309 1.355627 0.064618
0.091634 1.360409 0.0
0.083687 1.608173 0.0
-0.05341 1.360409 0.0
-0.05341 0.996753 0.0
-0.014688 0.988202 0.057269
-0.014688 1.351858 0.057269
0.091816 1.672576 0.091986
0.114244 1.697454 0.0
-0.045567 1.714702 0.0
-0.01371 1.682438 0.073199
0.064198 1.609669 0.092177
0.083687 1.608173 0.0
0.114244 1.697454 0.0
0.091816 1.672576 0.091986
-0.014688 0.988202 0.057269
-0.05341 0.996753 0.0
0.091634 0.996753 0.0
0.070309 0.991972 0.064618
-0.014688 1.351858 0.057269
-0.014688 0.988202 0.057269
0.070309 0.991972 0.064618
0.070309 1.355627 0.064618
0.091634 1.360409 0.0
0.091634 0.996753 0.0
-0.05341 0.996753 0.0
-0.05341 1.360409 0.0
0.070309 1.355627 0.064618
0.070309 0.991972 0.064618
0.091634 0.996753 0.0
0.091634 1.360409 0.0
-0.016021 1.610838 -0.103841
-0.021113 1.670176 -0.098399
-0.01996 1.656744 -0.143506
-0.016487 1.616266 -0.163337
-0.016487 1.616266 -0.163337
-0.01996 1.656744 -0.143506
0.050234 1.661085 -0.143506
0.053708 1.620607 -0.163337
0.053708 1.620607 -0.163337
0.050234 1.661085 -0.143506
0.049081 1.674517 -0.098399
0.054174 1.615179 -0.103841
0.054174 1.615179 -0.103841
0.049081 1.674517 -0.098399
-0.021113 1.670176 -0.098399
-0.016021 1.610838 -0.103841
-0.016487 1.616266 -0.163337
0.053708 1.620607 -0.163337
0.081923 1.538761 -0.172549
0.009789 1.523851 -0.172549
0.050234 1.661085 -0.143506
-0.01996 1.656744 -0.143506
-0.021113 1.670176 -0.098399
0.049081 1.674517 -0.098399
0.083523 1.533183 -0.10979
0.011389 1.518273 -0.10979
0.141954 1.424798 -0.139535
0.166801 1.429872 -0.139535
-0.016021 1.610838 -0.103841
-0.016487 1.616266 -0.163337
0.009789 1.523851 -0.172549
0.011389 1.518273 -0.10979
0.053708 1.620607 -0.163337
0.054174 1.615179 -0.103841
0.083523 1.533183 -0.10979
0.081923 1.538761 -0.172549
0.054174 1.615179 -0.103841
-0.016021 1.610838 -0.103841
0.011389 1.518273 -0.10979
0.083523 1.533183 -0.10979
0.14141 1.426719 -0.161139
0.166256 1.431794 -0.161139
0.166801 1.429872 -0.139535
0.141954 1.424798 -0.139535
0.009789 1.523851 -0.172549
0.081923 1.538761 -0.172549
0.166256 1.431794 -0.161139
0.14141 1.426719 -0.161139
0.081923 1.538761 -0.172549
0.083523 1.533183 -0.10979
0.166801 1.429872 -0.139535
0.166256 1.431794 -0.161139
0.011389 1.518273 -0.10979
0.009789 1.523851 -0.172549
0.14141 1.426719 -0.161139
0.141954 1.424798 -0.139535
-0.016021 1.610838 0.103841
-0.016487 1.616266 0.163337
-0.01996 1.656744 0.143506
-0.021113 1.670176 0.098399
-0.016487 1.616266 0.163337
0.053708 1.620607 0.163337
0.050234 1.661085 0.143506
-0.01996 1.656744 0.143506
0.053708 1.620607 0.163337
0.054174 1.615179 0.103841
0.049081 1.674517 0.098399
0.050234 1.661085 0.143506
0.054174 1.615179 0.103841
-0.016021 1.610838 0.103841
-0.021113 1.670176 0.098399
0.049081 1.674517 0.098399
-0.016487 1.616266 0.163337
0.009789 1.523851 0.172549
0.081923 1.538761 0.172549
0.053708 1.620607 0.163337
0.050234 1.661085 0.143506
0.049081 1.674517 0.098399
-0.021113 1.670176 0.098399
-0.01996 1.656744 0.143506
0.083523 1.533183 0.10979
0.166801 1.429872 0.139535
0.141954 1.424798 0.139535
0.011389 1.518273 0.10979
-0.016021 1.610838 0.103841
0.011389 1.518273 0.10979
0.009789 1.523851 0.172549
-0.016487 1.616266 0.163337
0.053708 1.620607 0.163337
0.081923 1.538761 0.172549
0.083523 1.533183 0.10979
0.054174 1.615179 0.103841
0.054174 1.615179 0.103841
0.083523 1.533183 0.10979
0.011389 1.518273 0.10979
-0.016021 1.610838 0.103841
0.14141 1.426719 0.161139
0.141954 1.424798 0.139535
0.166801 1.429872 0.139535
0.166256 1.431794 0.161139
0.009789 1.523851 0.172549
0.14141 1.426719 0.161139
0.166256 1.431794 0.161139
0.081923 1.538761 0.172549
0.081923 1.538761 0.172549
0.166256 1.431794 0.161139
0.166801 1.429872 0.139535
0.083523 1.533183 0.10979
0.011389 1.518273 0.10979
0.141954 1.424798 0.139535
0.14141 1.426719 0.161139
0.009789 1.523851 0.172549
-0.008474 1.619337 -0.169268
-0.011069 1.659816 -0.149438
0.041363 1.664156 -0.149438
0.043958 1.623678 -0.169268
-0.008474 1.619337 -0.169268
0.043958 1.623678 -0.169268
0.042205 1.583368 -0.17302
-0.010227 1.579027 -0.17302
-0.008474 1.619337 0.169268
0.043958 1.623678 0.169268
0.041363 1.664156 0.149438
-0.011069 1.659816 0.149438
-0.008474 1.619337 0.169268
-0.010227 1.579027 0.17302
0.042205 1.583368 0.17302
0.043958 1.623678 0.169268
-0.179673 1.454489 -0.085385
-0.047148 1.447118 -0.038865
-0.009897 1.446332 -0.069331
-0.148321 1.457454 -0.14158
-0.13177 1.448734 0.131099
0.003047 1.450284 0.085857
-0.045861 1.442889 0.070993
-0.177197 1.454489 0.081779
-0.177197 1.454489 0.081779
-0.045861 1.442889 0.070993
-0.066611 1.423214 0.000685
-0.193036 1.454489 -0.001927
-0.193036 1.454489 -0.001927
-0.066611 1.423214 0.000685
-0.047148 1.447118 -0.038865
-0.179673 1.454489 -0.085385
-0.253059 0.984454 -0.011541
-0.268748 1.114618 0.002342
-0.252316 1.091744 -0.083665
-0.244109 1.000148 -0.088776
-0.268748 1.114618 0.002342
-0.264591 1.225153 0.000432
-0.244109 1.20724 -0.079897
-0.252316 1.091744 -0.083665
-0.264591 1.225153 0.000432
-0.261286 1.314003 0.002096
-0.244109 1.312915 -0.079753
-0.244109 1.20724 -0.079897
-0.261286 1.314003 0.002096
-0.25111 1.391813 0.004912
-0.244109 1.394028 -0.078255
-0.244109 1.312915 -0.079753
-0.25111 1.391813 0.004912
-0.233027 1.433567 0.001467
-0.225553 1.438165 -0.081862
-0.244109 1.394028 -0.078255
-0.233027 1.433567 0.001467
-0.193036 1.454489 -0.001927
-0.179673 1.454489 -0.085385
-0.225553 1.438165 -0.081862
-0.246391 1.016084 0.089021
-0.249951 1.111485 0.084411
-0.268748 1.114618 0.002342
-0.253059 0.984454 -0.011541
-0.249951 1.111485 0.084411
-0.234558 1.204783 0.070941
-0.264591 1.225153 0.000432
-0.268748 1.114618 0.002342
-0.234558 1.204783 0.070941
-0.244109 1.30339 0.078321
-0.261286 1.314003 0.002096
-0.264591 1.225153 0.000432
-0.244109 1.30339 0.078321
-0.244109 1.387609 0.080837
-0.25111 1.391813 0.004912
-0.261286 1.314003 0.002096
-0.244109 1.387609 0.080837
-0.22779 1.436789 0.080891
-0.233027 1.433567 0.001467
-0.25111 1.391813 0.004912
-0.22779 1.436789 0.080891
-0.177197 1.454489 0.081779
-0.193036 1.454489 -0.001927
-0.233027 1.433567 0.001467
-0.213698 0.964124 0.158079
-0.200632 1.101325 0.150414
-0.249951 1.111485 0.084411
-0.246391 1.016084 0.089021
-0.200632 1.101325 0.150414
-0.191457 1.206493 0.148011
-0.234558 1.204783 0.070941
-0.249951 1.111485 0.084411
-0.191457 1.206493 0.148011
-0.188784 1.284143 0.151629
-0.244109 1.30339 0.078321
-0.234558 1.204783 0.070941
-0.188784 1.284143 0.151629
-0.191622 1.381149 0.154262
-0.244109 1.387609 0.080837
-0.244109 1.30339 0.078321
-0.191622 1.381149 0.154262
-0.190579 1.429142 0.140663
-0.22779 1.436789 0.080891
-0.244109 1.387609 0.080837
-0.190579 1.429142 0.140663
-0.13177 1.448734 0.131099
-0.177197 1.454489 0.081779
-0.22779 1.436789 0.080891
-0.244109 1.000148 -0.088776
-0.252316 1.091744 -0.083665
-0.190863 1.081617 -0.156796
-0.198414 0.962423 -0.159505
-0.252316 1.091744 -0.083665
-0.244109 1.20724 -0.079897
-0.185202 1.185481 -0.145387
-0.190863 1.081617 -0.156796
-0.244109 1.20724 -0.079897
-0.244109 1.312915 -0.079753
-0.177816 1.291915 -0.15155
-0.185202 1.185481 -0.145387
-0.244109 1.312915 -0.079753
-0.244109 1.394028 -0.078255
-0.195793 1.362767 -0.142688
-0.177816 1.291915 -0.15155
-0.244109 1.394028 -0.078255
-0.225553 1.438165 -0.081862
-0.187487 1.420966 -0.152865
-0.195793 1.362767 -0.142688
-0.225553 1.438165 -0.081862
-0.179673 1.454489 -0.085385
-0.148321 1.457454 -0.14158
-0.187487 1.420966 -0.152865
0.090323 1.179733 -0.195546
0.086124 1.126254 -0.198549
0.036517 1.144346 -0.230749
0.041459 1.196436 -0.223971
0.180937 1.196318 -0.134325
0.18081 1.146495 -0.13546
0.129134 1.120187 -0.171931
0.131251 1.176474 -0.173712
0.131251 1.176474 -0.173712
0.129134 1.120187 -0.171931
0.086124 1.126254 -0.198549
0.090323 1.179733 -0.195546
0.131659 1.332318 -0.160567
0.132751 1.279243 -0.163134
0.082317 1.284143 -0.191504
0.087853 1.332051 -0.194952
0.132751 1.279243 -0.163134
0.133152 1.224813 -0.164854
0.082276 1.232743 -0.198407
0.082317 1.284143 -0.191504
0.133152 1.224813 -0.164854
0.131251 1.176474 -0.173712
0.090323 1.179733 -0.195546
0.082276 1.232743 -0.198407
0.175259 1.352 -0.13581
0.179799 1.307427 -0.140277
0.132751 1.279243 -0.163134
0.131659 1.332318 -0.160567
0.179799 1.307427 -0.140277
0.178389 1.249122 -0.144031
0.133152 1.224813 -0.164854
0.132751 1.279243 -0.163134
0.178389 1.249122 -0.144031
0.180937 1.196318 -0.134325
0.131251 1.176474 -0.173712
0.133152 1.224813 -0.164854
0.087853 1.332051 -0.194952
0.082317 1.284143 -0.191504
0.041503 1.302297 -0.221879
0.044885 1.352742 -0.217569
0.082317 1.284143 -0.191504
0.082276 1.232743 -0.198407
0.040466 1.249677 -0.223717
0.041503 1.302297 -0.221879
0.082276 1.232743 -0.198407
0.090323 1.179733 -0.195546
0.041459 1.196436 -0.223971
0.040466 1.249677 -0.223717
0.090323 1.179733 0.195546
0.041459 1.196436 0.223971
0.036517 1.144346 0.230749
0.086124 1.126254 0.198549
0.180937 1.196318 0.134325
0.131251 1.176474 0.173712
0.129134 1.120187 0.171931
0.18081 1.146495 0.13546
0.131251 1.176474 0.173712
0.090323 1.179733 0.195546
0.086124 1.126254 0.198549
0.129134 1.120187 0.171931
0.131659 1.332318 0.160567
0.087853 1.332051 0.194952
0.082317 1.284143 0.191504
0.132751 1.279243 0.163134
0.132751 1.279243 0.163134
0.082317 1.284143 0.191504
0.082276 1.232743 0.198407
0.133152 1.224813 0.164854
0.133152 1.224813 0.164854
0.082276 1.232743 0.198407
0.090323 1.179733 0.195546
0.131251 1.176474 0.173712
0.175259 1.352 0.13581
0.131659 1.332318 0.160567
0.132751 1.279243 0.163134
0.179799 1.307427 0.140277
0.179799 1.307427 0.140277
0.132751 1.279243 0.163134
0.133152 1.224813 0.164854
0.178389 1.249122 0.144031
0.178389 1.249122 0.144031
0.133152 1.224813 0.164854
0.131251 1.176474 0.173712
0.180937 1.196318 0.134325
0.087853 1.332051 0.194952
0.044885 1.352742 0.217569
0.041503 1.302297 0.221879
0.082317 1.284143 0.191504
0.082317 1.284143 0.191504
0.041503 1.302297 0.221879
0.040466 1.249677 0.223717
0.082276 1.232743 0.198407
0.082276 1.232743 0.198407
0.040466 1.249677 0.223717
0.041459 1.196436 0.223971
0.090323 1.179733 0.195546
0.030232 1.352869 -0.21517
0.030232 1.37463 -0.21517
0.042221 1.37463 -0.233331
0.042221 1.352869 -0.233331
0.042221 1.352869 -0.233331
0.042221 1.37463 -0.233331
0.188537 1.37463 -0.136742
0.188537 1.352869 -0.136742
0.188537 1.352869 -0.136742
0.188537 1.37463 -0.136742
0.176548 1.37463 -0.118581
0.176548 1.352869 -0.118581
0.176548 1.352869 -0.118581
0.176548 1.37463 -0.118581
0.030232 1.37463 -0.21517
0.030232 1.352869 -0.21517
0.042221 1.352869 -0.233331
0.188537 1.352869 -0.136742
0.176548 1.352869 -0.118581
0.030232 1.352869 -0.21517
0.188537 1.37463 -0.136742
0.042221 1.37463 -0.233331
0.030232 1.37463 -0.21517
0.176548 1.37463 -0.118581
0.030232 1.352869 0.21517
0.042221 1.352869 0.233331
0.042221 1.37463 0.233331
0.030232 1.37463 0.21517
0.042221 1.352869 0.233331
0.188537 1.352869 0.136742
0.188537 1.37463 0.136742
0.042221 1.37463 0.233331
0.188537 1.352869 0.136742
0.176548 1.352869 0.118581
0.176548 1.37463 0.118581
0.188537 1.37463 0.136742
0.176548 1.352869 0.118581
0.030232 1.352869 0.21517
0.030232 1.37463 0.21517
0.176548 1.37463 0.118581
0.042221 1.352869 0.233331
0.030232 1.352869 0.21517
0.176548 1.352869 0.118581
0.188537 1.352869 0.136742
0.188537 1.37463 0.136742
0.176548 1.37463 0.118581
0.030232 1.37463 0.21517
0.042221 1.37463 0.233331
-0.010361 1.093089 -0.092491
-0.124792 1.961274 -0.231387
-0.109343 1.964582 -0.223434
0.005088 1.096398 -0.084538
0.005088 1.096398 -0.084538
-0.109343 1.964582 -0.223434
-0.108812 1.967443 -0.205987
0.005619 1.099259 -0.067091
0.005619 1.099259 -0.067091
-0.108812 1.967443 -0.205987
-0.123729 1.966996 -0.196493
-0.009298 1.098812 -0.057597
-0.009298 1.098812 -0.057597
-0.123729 1.966996 -0.196493
-0.139178 1.963688 -0.204446
-0.024747 1.095504 -0.06555
-0.109343 1.964582 -0.223434
-0.124792 1.961274 -0.231387
-0.13971 1.960826 -0.221893
-0.139178 1.963688 -0.204446
-0.123729 1.966996 -0.196493
-0.108812 1.967443 -0.205987
-0.024747 1.095504 -0.06555
-0.139178 1.963688 -0.204446
-0.13971 1.960826 -0.221893
-0.025278 1.092642 -0.082997
-0.025278 1.092642 -0.082997
-0.13971 1.960826 -0.221893
-0.124792 1.961274 -0.231387
-0.010361 1.093089 -0.092491
-0.010361 1.093089 -0.092491
0.005088 1.096398 -0.084538
0.005619 1.099259 -0.067091
-0.009298 1.098812 -0.057597
-0.024747 1.095504 -0.06555
-0.025278 1.092642 -0.082997
-0.276663 1.923602 -0.155402
-0.280003 1.948496 -0.159312
0.006644 1.963729 -0.307172
0.009984 1.938835 -0.303262
0.009984 1.938835 -0.303262
0.006644 1.963729 -0.307172
0.017859 1.96873 -0.284914
0.021199 1.943835 -0.281004
0.021199 1.943835 -0.281004
0.017859 1.96873 -0.284914
-0.268788 1.953497 -0.137054
-0.265448 1.928602 -0.133144
-0.265448 1.928602 -0.133144
-0.268788 1.953497 -0.137054
-0.280003 1.948496 -0.159312
-0.276663 1.923602 -0.155402
0.009984 1.938835 -0.303262
0.021199 1.943835 -0.281004
-0.265448 1.928602 -0.133144
-0.276663 1.923602 -0.155402
0.017859 1.96873 -0.284914
0.006644 1.963729 -0.307172
-0.280003 1.948496 -0.159312
-0.268788 1.953497 -0.137054
-0.035257 1.595059 -0.277496
-0.000778 1.610945 -0.296444
0.00299 1.558193 -0.315315
-0.047766 1.52423 -0.260857
-0.253657 1.592944 -0.174709
-0.202225 1.585062 -0.198104
-0.204518 1.529302 -0.199765
-0.266956 1.534395 -0.168996
-0.202225 1.585062 -0.198104
-0.153458 1.575163 -0.222584
-0.148516 1.522739 -0.222113
-0.204518 1.529302 -0.199765
-0.153458 1.575163 -0.222584
-0.101563 1.577528 -0.252627
-0.101899 1.521636 -0.243573
-0.148516 1.522739 -0.222113
-0.101563 1.577528 -0.252627
-0.035257 1.595059 -0.277496
-0.047766 1.52423 -0.260857
-0.101899 1.521636 -0.243573
-0.112367 1.915076 -0.233773
-0.048007 1.916544 -0.251311
-0.064743 1.869021 -0.256008
-0.114521 1.845428 -0.239737
-0.114521 1.845428 -0.239737
-0.064743 1.869021 -0.256008
-0.061759 1.821345 -0.249742
-0.103055 1.808455 -0.234931
-0.103055 1.808455 -0.234931
-0.061759 1.821345 -0.249742
-0.037163 1.749096 -0.256634
-0.106741 1.741966 -0.241134
-0.106741 1.741966 -0.241134
-0.037163 1.749096 -0.256634
-0.052545 1.701457 -0.267404
-0.099539 1.67607 -0.239841
-0.099539 1.67607 -0.239841
-0.052545 1.701457 -0.267404
-0.046234 1.642923 -0.272269
-0.090023 1.641104 -0.24451
-0.090023 1.641104 -0.24451
-0.046234 1.642923 -0.272269
-0.035257 1.595059 -0.277496
-0.101563 1.577528 -0.252627
-0.151523 1.895684 -0.192532
-0.112367 1.915076 -0.233773
-0.114521 1.845428 -0.239737
-0.158076 1.84567 -0.217314
-0.158076 1.84567 -0.217314
-0.114521 1.845428 -0.239737
-0.103055 1.808455 -0.234931
-0.148714 1.792904 -0.198106
-0.148714 1.792904 -0.198106
-0.103055 1.808455 -0.234931
-0.106741 1.741966 -0.241134
-0.148952 1.734943 -0.220415
-0.148952 1.734943 -0.220415
-0.106741 1.741966 -0.241134
-0.099539 1.67607 -0.239841
-0.15326 1.684462 -0.218006
-0.15326 1.684462 -0.218006
-0.099539 1.67607 -0.239841
-0.090023 1.641104 -0.24451
-0.15258 1.62831 -0.219608
-0.15258 1.62831 -0.219608
-0.090023 1.641104 -0.24451
-0.101563 1.577528 -0.252627
-0.153458 1.575163 -0.222584
-0.216366 1.917554 -0.174662
-0.151523 1.895684 -0.192532
-0.158076 1.84567 -0.217314
-0.204154 1.859052 -0.190455
-0.204154 1.859052 -0.190455
-0.158076 1.84567 -0.217314
-0.148714 1.792904 -0.198106
-0.202796 1.789833 -0.177239
-0.202796 1.789833 -0.177239
-0.148714 1.792904 -0.198106
-0.148952 1.734943 -0.220415
-0.206535 1.749451 -0.19116
-0.206535 1.749451 -0.19116
-0.148952 1.734943 -0.220415
-0.15326 1.684462 -0.218006
-0.219497 1.693841 -0.189977
-0.219497 1.693841 -0.189977
-0.15326 1.684462 -0.218006
-0.15258 1.62831 -0.219608
-0.206316 1.638089 -0.194754
-0.206316 1.638089 -0.194754
-0.15258 1.62831 -0.219608
-0.153458 1.575163 -0.222584
-0.202225 1.585062 -0.198104
-0.258033 1.932036 -0.159242
-0.216366 1.917554 -0.174662
-0.204154 1.859052 -0.190455
-0.249836 1.87554 -0.151539
-0.249836 1.87554 -0.151539
-0.204154 1.859052 -0.190455
-0.202796 1.789833 -0.177239
-0.253294 1.82285 -0.163881
-0.253294 1.82285 -0.163881
-0.202796 1.789833 -0.177239
-0.206535 1.749451 -0.19116
-0.254897 1.765974 -0.1678
-0.254897 1.765974 -0.1678
-0.206535 1.749451 -0.19116
-0.219497 1.693841 -0.189977
-0.255353 1.710655 -0.172051
-0.255353 1.710655 -0.172051
-0.219497 1.693841 -0.189977
-0.206316 1.638089 -0.194754
-0.250043 1.643974 -0.15946
-0.250043 1.643974 -0.15946
-0.206316 1.638089 -0.194754
-0.202225 1.585062 -0.198104
-0.253657 1.592944 -0.174709
-0.048007 1.916544 -0.251311
-0.003255 1.941671 -0.28402
-0.016134 1.895838 -0.276908
-0.064743 1.869021 -0.256008
-0.064743 1.869021 -0.256008
-0.016134 1.895838 -0.276908
-0.012939 1.817485 -0.29096
-0.061759 1.821345 -0.249742
-0.061759 1.821345 -0.249742
-0.012939 1.817485 -0.29096
-0.006947 1.776002 -0.290305
-0.037163 1.749096 -0.256634
-0.037163 1.749096 -0.256634
-0.006947 1.776002 -0.290305
0.01142 1.714142 -0.281646
-0.052545 1.701457 -0.267404
-0.052545 1.701457 -0.267404
0.01142 1.714142 -0.281646
0.010575 1.670559 -0.295315
-0.046234 1.642923 -0.272269
-0.046234 1.642923 -0.272269
0.010575 1.670559 -0.295315
-0.000778 1.610945 -0.296444
-0.035257 1.595059 -0.277496
-0.221086 1.696286 -0.192993
-0.090483 1.616375 -0.251661
-0.05051 1.571444 -0.280801
-0.17523 1.640755 -0.213902
-0.037874 1.659628 -0.290238
-0.174365 1.609885 -0.214206
-0.233722 1.608102 -0.183556
-0.097642 1.65857 -0.244958
-0.154901 1.767213 -0.219901
-0.156909 1.742003 -0.220112
-0.178747 1.75406 -0.209019
-0.188585 1.786326 -0.204253
-0.107012 1.747953 -0.241504
-0.113064 1.712572 -0.238913
-0.145716 1.696845 -0.222464
-0.128034 1.752198 -0.232394
-0.128034 1.752198 -0.232394
-0.145716 1.696845 -0.222464
-0.156909 1.742003 -0.220112
-0.154901 1.767213 -0.219901
-0.097819 1.826816 -0.247925
-0.114556 1.781826 -0.239018
-0.141423 1.796841 -0.226526
-0.127173 1.832385 -0.233571
-0.114556 1.781826 -0.239018
-0.128034 1.752198 -0.232394
-0.154901 1.767213 -0.219901
-0.141423 1.796841 -0.226526
-0.082274 1.797622 -0.254688
-0.082332 1.765933 -0.254022
-0.114556 1.781826 -0.239018
-0.097819 1.826816 -0.247925
-0.082332 1.765933 -0.254022
-0.107012 1.747953 -0.241504
-0.128034 1.752198 -0.232394
-0.114556 1.781826 -0.239018
-0.127173 1.832385 -0.233571
-0.141423 1.796841 -0.226526
-0.183438 1.814152 -0.206483
-0.154383 1.828925 -0.220739
-0.141423 1.796841 -0.226526
-0.154901 1.767213 -0.219901
-0.188585 1.786326 -0.204253
-0.183438 1.814152 -0.206483
0.162887 1.135134 0.317967
0.186097 1.889316 0.365528
0.168867 1.891145 0.34492
0.145657 1.136964 0.297359
0.145657 1.136964 0.297359
0.168867 1.891145 0.34492
0.18954 1.891597 0.327677
0.16633 1.137415 0.280116
0.16633 1.137415 0.280116
0.18954 1.891597 0.327677
0.206769 1.889767 0.348284
0.183559 1.135585 0.300723
0.183559 1.135585 0.300723
0.206769 1.889767 0.348284
0.186097 1.889316 0.365528
0.162887 1.135134 0.317967
0.145657 1.136964 0.297359
0.16633 1.137415 0.280116
0.183559 1.135585 0.300723
0.162887 1.135134 0.317967
0.18954 1.891597 0.327677
0.168867 1.891145 0.34492
0.186097 1.889316 0.365528
0.206769 1.889767 0.348284
0.11949 1.146006 0.243711
0.217452 1.142166 0.249602
0.211347 1.136565 0.347466
0.113385 1.140405 0.341575
0.120404 1.171684 0.245238
0.1143 1.166083 0.343102
0.212261 1.162243 0.348993
0.218366 1.167844 0.251129
0.113385 1.140405 0.341575
0.211347 1.136565 0.347466
0.212261 1.162243 0.348993
0.1143 1.166083 0.343102
0.217452 1.142166 0.249602
0.11949 1.146006 0.243711
0.120404 1.171684 0.245238
0.218366 1.167844 0.251129
0.211347 1.136565 0.347466
0.217452 1.142166 0.249602
0.218366 1.167844 0.251129
0.212261 1.162243 0.348993
0.11949 1.146006 0.243711
0.113385 1.140405 0.341575
0.1143 1.166083 0.343102
0.120404 1.171684 0.245238
0.122894 1.227484 0.249208
0.116789 1.221883 0.347072
0.214751 1.218043 0.352963
0.220856 1.223644 0.255099
0.200428 1.148818 0.335431
0.127664 1.15167 0.331055
0.068785 0.950138 0.364845
0.238943 0.943469 0.375078
0.214751 1.218043 0.352963
0.116789 1.221883 0.347072
0.127664 1.15167 0.331055
0.200428 1.148818 0.335431
0.122894 1.227484 0.249208
0.220856 1.223644 0.255099
0.204963 1.152979 0.26274
0.132198 1.155831 0.258364
0.220856 1.223644 0.255099
0.214751 1.218043 0.352963
0.200428 1.148818 0.335431
0.204963 1.152979 0.26274
0.116789 1.221883 0.347072
0.122894 1.227484 0.249208
0.132198 1.155831 0.258364
0.127664 1.15167 0.331055
0.079389 0.959867 0.194857
0.249547 0.953198 0.20509
0.238943 0.943469 0.375078
0.068785 0.950138 0.364845
0.132198 1.155831 0.258364
0.204963 1.152979 0.26274
0.249547 0.953198 0.20509
0.079389 0.959867 0.194857
0.204963 1.152979 0.26274
0.200428 1.148818 0.335431
0.238943 0.943469 0.375078
0.249547 0.953198 0.20509
0.127664 1.15167 0.331055
0.132198 1.155831 0.258364
0.079389 0.959867 0.194857
0.068785 0.950138 0.364845

no_normals
0.375 0.0
0.625 0.0
0.625 0.25
0.375 0.25
0.375 0.25
0.625 0.25
0.625 0.5
0.375 0.5
0.375 0.5
0.625 0.5
0.625 0.75
0.375 0.75
0.375 0.75
0.625 0.75
0.625 1.0
0.375 1.0
0.375 0.0
0.375 0.25
0.375 0.25
0.375 0.0
0.625 0.5
0.875 0.5
0.875 0.75
0.625 0.75
0.125 0.5
0.375 0.5
0.375 0.75
0.125 0.75
0.375 0.5
0.375 0.75
0.375 0.75
0.375 0.5
0.375 0.75
0.375 1.0
0.375 1.0
0.375 0.75
0.375 0.25
0.375 0.5
0.375 0.5
0.375 0.25
1.0 0.5
1.0 1.0
1.0 1.0
1.0 0.5
1.0 1.0
1.0 1.0
0.0 0.0
0.5 1.0
1.0 1.0
1.0 1.0
0.5 1.0
0.0 0.0
0.0 0.0
0.0 0.0
0.0 0.0
0.0 0.5
0.5 0.5
0.5 1.0
0.0 1.0
0.0 1.0
0.0 1.0
0.0 1.0
0.0 1.0
0.0 0.5
0.0 1.0
0.0 1.0
0.0 0.5
0.0 0.5
0.0 1.0
0.0 1.0
0.0 0.5
0.0 0.0
0.0 0.0
0.0 0.0
0.0 0.0
0.5 0.5
0.5 1.0
1.0 1.0
1.0 0.5
1.0 1.0
0.0 0.0
1.0 1.0
0.5 1.0
0.5 1.0
0.5 1.0
0.5 1.0
0.0 1.0
0.0 1.0
0.5 1.0
0.5 1.0
0.5 0.5
0.0 0.5
0.0 0.5
0.5 0.5
0.0 1.0
0.0 1.0
0.0 1.0
0.0 1.0
0.0 1.0
0.0 1.0
0.0 1.0
0.0 1.0
0.0 0.5
0.0 0.5
0.0 1.0
0.0 1.0
0.0 0.0
0.0 0.0
0.0 0.0
0.0 0.0
0.0 1.0
0.0 0.5
0.0 0.5
0.0 1.0
0.0 0.0
0.0 0.0
0.0 0.0
0.0 0.0
0.0 0.0
0.0 0.0
0.0 0.0
0.0 0.0
0.0 0.0
0.0 0.0
0.0 0.0
0.0 0.0
0.0 1.0
0.0 1.0
0.0 1.0
0.0 1.0
0.0 1.0
0.0 0.5
0.0 0.5
0.0 1.0
0.0 0.0
0.0 0.0
0.0 0.0
0.0 0.0
0.0 1.0
0.0 1.0
0.0 1.0
0.0 1.0
0.0 0.5
0.0 1.0
0.0 1.0
0.0 0.5
0.0 1.0
0.0 1.0
0.0 1.0
0.0 1.0
0.0 0.0
0.0 0.0
0.0 0.0
0.0 0.0
0.0 1.0
0.0 1.0
0.0 1.0
0.0 1.0
0.0 1.0
0.0 0.5
0.0 1.0
0.0 0.0
0.0 0.0
0.0 0.0
0.0 1.0
0.0 1.0
0.0 1.0
0.0 1.0
0.0 0.0
0.0 0.0
0.0 0.0
0.0 0.0
0.0 1.0
0.0 0.5
0.0 0.5
0.0 1.0
0.0 0.5
0.0 1.0
0.0 1.0
0.0 0.5
0.0 0.5
0.0 1.0
0.0 0.5
0.0 1.0
0.0 1.0
0.0 1.0
0.0 0.0
0.0 0.0
0.0 0.0
0.0 1.0
0.0 1.0
0.0 1.0
0.0 0.0
1.0 1.0
1.0 0.5
1.0 1.0
0.0 0.0
1.0 0.5
0.0 1.0
0.5 1.0
0.5 1.0
0.0 1.0
0.0 1.0
0.5 1.0
0.5 1.0
0.0 1.0
0.5 1.0
0.5 1.0
0.5 1.0
0.5 1.0
0.0 1.0
0.0 1.0
0.0 1.0
0.0 1.0
0.5 0.5
1.0 0.5
1.0 1.0
0.5 1.0
0.5 1.0
0.5 0.5
0.5 0.5
0.5 1.0
0.5 0.5
1.0 0.5
1.0 0.5
0.5 0.5
1.0 1.0
0.5 1.0
0.5 1.0
1.0 1.0
0.0 0.5
0.0 1.0
0.0 1.0
0.0 0.5
0.0 1.0
0.0 1.0
0.0 1.0
0.0 1.0
0.0 1.0
0.0 0.5
0.0 0.5
0.0 1.0
0.0 0.5
0.0 0.5
0.0 0.5
0.0 0.5
0.0 0.5
0.0 1.0
0.5 1.0
0.5 0.5
0.0 1.0
0.5 1.0
0.5 1.0
0.0 1.0
0.0 0.5
0.0 1.0
0.0 1.0
0.0 0.5
0.5 1.0
0.5 0.5
0.5 0.5
0.5 1.0
0.5 1.0
0.5 1.0
1.0 1.0
1.0 1.0
0.0 0.0
0.0 0.0
0.0 0.0
0.0 0.0
1.0 1.0
0.5 1.0
0.5 1.0
1.0 1.0
1.0 1.0
1.0 1.0
1.0 1.0
1.0 1.0
0.0 0.0
0.0 0.0
0.0 0.0
0.0 0.0
0.0 0.0
0.0 0.0
0.0 0.0
0.0 0.0
0.0 0.0
0.0 0.0
0.0 0.0
0.0 0.0
0.0 0.0
0.0 0.0
0.0 0.0
0.0 0.0
0.0 0.0
0.0 0.0
0.0 0.0
0.0 0.0
0.0 0.0
0.0 0.0
0.0 0.0
0.0 0.0
0.0 0.0
0.0 0.0
0.0 0.0
0.0 0.0
0.0 0.0
0.0 0.0
0.0 0.0
0.0 0.0
0.0 0.0
0.0 0.0
0.0 0.0
0.0 0.0
0.0 0.0
0.0 0.0
0.0 0.0
0.0 0.0
0.0 0.0
0.0 0.0
0.0 0.0
0.0 0.0
0.0 0.0
0.0 0.0
0.0 0.0
0.0 0.0
0.0 0.0
0.0 0.0
0.0 0.0
0.0 0.0
0.0 0.0
0.0 0.0
0.0 0.0
0.0 0.0
0.0 0.0
0.0 0.0
0.0 0.0
0.0 0.0
0.0 0.0
0.0 0.0
0.0 0.0
0.0 0.0
0.0 0.0
0.0 0.0
0.0 0.0
0.0 0.0
0.0 0.0
0.0 0.0
0.0 0.0
0.0 0.0
0.0 0.0
0.0 0.0
0.0 0.0
0.0 0.0
0.0 0.0
0.0 0.0
0.0 0.0
0.0 0.0
0.0 0.0
0.0 0.0
0.0 0.0
0.0 0.0
0.0 0.0
0.0 0.0
0.0 0.0
0.0 0.0
0.0 0.0
0.0 0.0
0.0 0.0
0.0 0.0
0.0 0.0
0.0 0.0
0.0 0.0
0.0 0.0
0.0 0.0
0.0 0.0
0.0 0.0
0.0 0.0
0.0 0.0
0.0 0.0
0.0 0.0
0.0 0.0
0.0 0.0
0.0 0.0
0.0 0.0
0.0 0.0
0.0 0.0
0.0 0.0
0.0 0.0
0.0 0.0
0.0 0.0
0.0 0.0
0.0 0.0
0.0 0.0
0.0 0.0
0.0 0.0
0.0 0.0
0.0 0.0
0.0 0.0
0.0 0.0
0.0 0.0
0.0 0.0
0.0 0.0
0.0 0.0
0.0 0.0
0.0 0.0
0.0 0.0
0.0 0.0
0.0 0.0
0.0 0.0
0.0 0.0
0.0 0.0
0.0 0.0
0.0 0.0
0.0 0.0
0.0 0.0
0.0 0.0
0.0 0.0
0.0 0.0
0.0 0.0
0.0 0.0
0.0 0.0
0.0 0.0
0.0 0.0
0.0 0.0
0.0 0.0
0.0 0.0
0.0 0.0
0.0 0.0
0.0 0.0
0.0 0.0
0.0 0.0
0.0 0.0
0.0 0.0
0.375 0.125
0.625 0.125
0.625 0.25
0.375 0.25
0.375 0.25
0.625 0.25
0.625 0.5
0.375 0.5
0.375 0.25
0.375 0.5
0.375 0.5
0.375 0.25
0.375 0.125
0.375 0.25
0.375 0.25
0.375 0.125
0.375 0.5
0.375 0.625
0.375 0.625
0.375 0.5
0.375 0.125
0.375 0.25
0.375 0.25
0.375 0.125
0.625 0.5
0.875 0.5
0.875 0.625
0.625 0.625
0.375 0.5
0.625 0.5
0.625 0.625
0.375 0.625
0.125 0.5
0.375 0.5
0.375 0.625
0.125 0.625
0.375 0.25
0.375 0.5
0.375 0.5
0.375 0.25
0.375 0.5
0.375 0.625
0.375 0.625
0.375 0.5
0.375 0.125
0.375 0.25
0.625 0.25
0.625 0.125
0.375 0.25
0.375 0.5
0.625 0.5
0.625 0.25
0.375 0.25
0.375 0.25
0.375 0.5
0.375 0.5
0.375 0.125
0.375 0.125
0.375 0.25
0.375 0.25
0.375 0.5
0.375 0.5
0.375 0.625
0.375 0.625
0.375 0.125
0.375 0.125
0.375 0.25
0.375 0.25
0.625 0.5
0.625 0.625
0.875 0.625
0.875 0.5
0.375 0.5
0.375 0.625
0.625 0.625
0.625 0.5
0.125 0.5
0.125 0.625
0.375 0.625
0.375 0.5
0.375 0.25
0.375 0.25
0.375 0.5
0.375 0.5
0.0 0.0
0.0 0.0
0.0 0.0
0.0 0.0
0.375 0.5
0.375 0.5
0.375 0.625
0.375 0.625
0.375 0.0
0.625 0.0
0.625 0.25
0.375 0.25
0.375 0.25
0.625 0.25
0.625 0.5
0.375 0.5
0.375 0.5
0.625 0.5
0.625 0.75
0.375 0.75
0.375 0.75
0.625 0.75
0.625 1.0
0.375 1.0
0.375 0.25
0.375 0.5
0.375 0.5
0.375 0.25
0.625 0.5
0.875 0.5
0.875 0.75
0.625 0.75
0.375 0.75
0.375 1.0
0.375 1.0
0.375 0.75
0.375 0.0
0.375 0.25
0.375 0.25
0.375 0.0
0.375 0.5
0.375 0.75
0.375 0.75
0.375 0.5
0.375 0.75
0.375 1.0
0.375 1.0
0.375 0.75
0.125 0.5
0.375 0.5
0.375 0.75
0.125 0.75
0.375 0.25
0.375 0.5
0.375 0.5
0.375 0.25
0.375 0.5
0.375 0.75
0.375 0.75
0.375 0.5
0.375 0.0
0.375 0.25
0.375 0.25
0.375 0.0
0.375 0.0
0.375 0.25
0.625 0.25
0.625 0.0
0.375 0.25
0.375 0.5
0.625 0.5
0.625 0.25
0.375 0.5
0.375 0.75
0.625 0.75
0.625 0.5
0.375 0.75
0.375 1.0
0.625 1.0
0.625 0.75
0.375 0.25
0.375 0.25
0.375 0.5
0.375 0.5
0.625 0.5
0.625 0.75
0.875 0.75
0.875 0.5
0.375 0.75
0.375 0.75
0.375 1.0
0.375 1.0
0.375 0.0
0.375 0.0
0.375 0.25
0.375 0.25
0.375 0.5
0.375 0.5
0.375 0.75
0.375 0.75
0.375 0.75
0.375 0.75
0.375 1.0
0.375 1.0
0.125 0.5
0.125 0.75
0.375 0.75
0.375 0.5
0.375 0.25
0.375 0.25
0.375 0.5
0.375 0.5
0.375 0.5
0.375 0.5
0.375 0.75
0.375 0.75
0.375 0.0
0.375 0.0
0.375 0.25
0.375 0.25
0.375 0.25
0.625 0.25
0.625 0.5
0.375 0.5
0.375 0.25
0.375 0.5
0.375 0.5
0.375 0.25
0.375 0.25
0.375 0.5
0.625 0.5
0.625 0.25
0.375 0.25
0.375 0.25
0.375 0.5
0.375 0.5
0.857143 0.75
1.0 0.75
1.0 1.0
0.857143 1.0
0.857143 0.0
1.0 0.0
1.0 0.25
0.857143 0.25
0.857143 0.25
1.0 0.25
1.0 0.5
0.857143 0.5
0.857143 0.5
1.0 0.5
1.0 0.75
0.857143 0.75
0.0 0.5
0.142857 0.5
0.142857 0.75
0.0 0.75
0.142857 0.5
0.285714 0.5
0.285714 0.75
0.142857 0.75
0.285714 0.5
0.428571 0.5
0.428571 0.75
0.285714 0.75
0.428571 0.5
0.571429 0.5
0.571429 0.75
0.428571 0.75
0.571429 0.5
0.714286 0.5
0.714286 0.75
0.571429 0.75
0.714286 0.5
0.857143 0.5
0.857143 0.75
0.714286 0.75
0.0 0.25
0.142857 0.25
0.142857 0.5
0.0 0.5
0.142857 0.25
0.285714 0.25
0.285714 0.5
0.142857 0.5
0.285714 0.25
0.428571 0.25
0.428571 0.5
0.285714 0.5
0.428571 0.25
0.571429 0.25
0.571429 0.5
0.428571 0.5
0.571429 0.25
0.714286 0.25
0.714286 0.5
0.571429 0.5
0.714286 0.25
0.857143 0.25
0.857143 0.5
0.714286 0.5
0.0 0.0
0.142857 0.0
0.142857 0.25
0.0 0.25
0.142857 0.0
0.285714 0.0
0.285714 0.25
0.142857 0.25
0.285714 0.0
0.428571 0.0
0.428571 0.25
0.285714 0.25
0.428571 0.0
0.571429 0.0
0.571429 0.25
0.428571 0.25
0.571429 0.0
0.714286 0.0
0.714286 0.25
0.571429 0.25
0.714286 0.0
0.857143 0.0
0.857143 0.25
0.714286 0.25
0.0 0.75
0.142857 0.75
0.142857 1.0
0.0 1.0
0.142857 0.75
0.285714 0.75
0.285714 1.0
0.142857 1.0
0.285714 0.75
0.428571 0.75
0.428571 1.0
0.285714 1.0
0.428571 0.75
0.571429 0.75
0.571429 1.0
0.428571 1.0
0.571429 0.75
0.714286 0.75
0.714286 1.0
0.571429 1.0
0.714286 0.75
0.857143 0.75
0.857143 1.0
0.714286 1.0
0.75 0.666667
1.0 0.666667
1.0 1.0
0.75 1.0
0.75 0.0
1.0 0.0
1.0 0.333333
0.75 0.333333
0.75 0.333333
1.0 0.333333
1.0 0.666667
0.75 0.666667
0.0 0.333333
0.25 0.333333
0.25 0.666667
0.0 0.666667
0.25 0.333333
0.5 0.333333
0.5 0.666667
0.25 0.666667
0.5 0.333333
0.75 0.333333
0.75 0.666667
0.5 0.666667
0.0 0.0
0.25 0.0
0.25 0.333333
0.0 0.333333
0.25 0.0
0.5 0.0
0.5 0.333333
0.25 0.333333
0.5 0.0
0.75 0.0
0.75 0.333333
0.5 0.333333
0.0 0.666667
0.25 0.666667
0.25 1.0
0.0 1.0
0.25 0.666667
0.5 0.666667
0.5 1.0
0.25 1.0
0.5 0.666667
0.75 0.666667
0.75 1.0
0.5 1.0
0.75 0.666667
0.75 1.0
1.0 1.0
1.0 0.666667
0.75 0.0
0.75 0.333333
1.0 0.333333
1.0 0.0
0.75 0.333333
0.75 0.666667
1.0 0.666667
1.0 0.333333
0.0 0.333333
0.0 0.666667
0.25 0.666667
0.25 0.333333
0.25 0.333333
0.25 0.666667
0.5 0.666667
0.5 0.333333
0.5 0.333333
0.5 0.666667
0.75 0.666667
0.75 0.333333
0.0 0.0
0.0 0.333333
0.25 0.333333
0.25 0.0
0.25 0.0
0.25 0.333333
0.5 0.333333
0.5 0.0
0.5 0.0
0.5 0.333333
0.75 0.333333
0.75 0.0
0.0 0.666667
0.0 1.0
0.25 1.0
0.25 0.666667
0.25 0.666667
0.25 1.0
0.5 1.0
0.5 0.666667
0.5 0.666667
0.5 1.0
0.75 1.0
0.75 0.666667
0.375 0.0
0.625 0.0
0.625 0.25
0.375 0.25
0.375 0.25
0.625 0.25
0.625 0.5
0.375 0.5
0.375 0.5
0.625 0.5
0.625 0.75
0.375 0.75
0.375 0.75
0.625 0.75
0.625 1.0
0.375 1.0
0.125 0.5
0.375 0.5
0.375 0.75
0.125 0.75
0.625 0.5
0.875 0.5
0.875 0.75
0.625 0.75
0.375 0.0
0.375 0.25
0.625 0.25
0.625 0.0
0.375 0.25
0.375 0.5
0.625 0.5
0.625 0.25
0.375 0.5
0.375 0.75
0.625 0.75
0.625 0.5
0.375 0.75
0.375 1.0
0.625 1.0
0.625 0.75
0.125 0.5
0.125 0.75
0.375 0.75
0.375 0.5
0.625 0.5
0.625 0.75
0.875 0.75
0.875 0.5
1.0 0.5
1.0 1.0
0.833333 1.0
0.833333 0.5
0.833333 0.5
0.833333 1.0
0.666667 1.0
0.666667 0.5
0.666667 0.5
0.666667 1.0
0.5 1.0
0.5 0.5
0.5 0.5
0.5 1.0
0.333333 1.0
0.333333 0.5
0.457846 0.37
0.25 0.49
0.042154 0.37
0.042154 0.13
0.25 0.01
0.457846 0.13
0.333333 0.5
0.333333 1.0
0.166667 1.0
0.166667 0.5
0.166667 0.5
0.166667 1.0
-0.0 1.0
-0.0 0.5
0.75 0.49
0.957846 0.37
0.957846 0.13
0.75 0.01
0.542154 0.13
0.542154 0.37
0.375 0.0
0.625 0.0
0.625 0.25
0.375 0.25
0.375 0.25
0.625 0.25
0.625 0.5
0.375 0.5
0.375 0.5
0.625 0.5
0.625 0.75
0.375 0.75
0.375 0.75
0.625 0.75
0.625 1.0
0.375 1.0
0.125 0.5
0.375 0.5
0.375 0.75
0.125 0.75
0.625 0.5
0.875 0.5
0.875 0.75
0.625 0.75
0.8 0.857143
1.0 0.857143
1.0 1.0
0.8 1.0
0.0 0.857143
0.2 0.857143
0.2 1.0
0.0 1.0
0.2 0.857143
0.4 0.857143
0.4 1.0
0.2 1.0
0.4 0.857143
0.6 0.857143
0.6 1.0
0.4 1.0
0.6 0.857143
0.8 0.857143
0.8 1.0
0.6 1.0
0.6 0.0
0.8 0.0
0.8 0.142857
0.6 0.142857
0.6 0.142857
0.8 0.142857
0.8 0.285714
0.6 0.285714
0.6 0.285714
0.8 0.285714
0.8 0.428571
0.6 0.428571
0.6 0.428571
0.8 0.428571
0.8 0.571429
0.6 0.571429
0.6 0.571429
0.8 0.571429
0.8 0.714286
0.6 0.714286
0.6 0.714286
0.8 0.714286
0.8 0.857143
0.6 0.857143
0.4 0.0
0.6 0.0
0.6 0.142857
0.4 0.142857
0.4 0.142857
0.6 0.142857
0.6 0.285714
0.4 0.285714
0.4 0.285714
0.6 0.285714
0.6 0.428571
0.4 0.428571
0.4 0.428571
0.6 0.428571
0.6 0.571429
0.4 0.571429
0.4 0.571429
0.6 0.571429
0.6 0.714286
0.4 0.714286
0.4 0.714286
0.6 0.714286
0.6 0.857143
0.4 0.857143
0.2 0.0
0.4 0.0
0.4 0.142857
0.2 0.142857
0.2 0.142857
0.4 0.142857
0.4 0.285714
0.2 0.285714
0.2 0.285714
0.4 0.285714
0.4 0.428571
0.2 0.428571
0.2 0.428571
0.4 0.428571
0.4 0.571429
0.2 0.571429
0.2 0.571429
0.4 0.571429
0.4 0.714286
0.2 0.714286
0.2 0.714286
0.4 0.714286
0.4 0.857143
0.2 0.857143
0.0 0.0
0.2 0.0
0.2 0.142857
0.0 0.142857
0.0 0.142857
0.2 0.142857
0.2 0.285714
0.0 0.285714
0.0 0.285714
0.2 0.285714
0.2 0.428571
0.0 0.428571
0.0 0.428571
0.2 0.428571
0.2 0.571429
0.0 0.571429
0.0 0.571429
0.2 0.571429
0.2 0.714286
0.0 0.714286
0.0 0.714286
0.2 0.714286
0.2 0.857143
0.0 0.857143
0.8 0.0
1.0 0.0
1.0 0.142857
0.8 0.142857
0.8 0.142857
1.0 0.142857
1.0 0.285714
0.8 0.285714
0.8 0.285714
1.0 0.285714
1.0 0.428571
0.8 0.428571
0.8 0.428571
1.0 0.428571
1.0 0.571429
0.8 0.571429
0.8 0.571429
1.0 0.571429
1.0 0.714286
0.8 0.714286
0.8 0.714286
1.0 0.714286
1.0 0.857143
0.8 0.857143
0.4 0.428571
0.6 0.428571
0.6 0.571429
0.4 0.571429
0.4 0.428571
0.6 0.428571
0.6 0.571429
0.4 0.571429
0.533333 0.52381
0.6 0.52381
0.6 0.571429
0.533333 0.571429
0.533333 0.428571
0.6 0.428571
0.6 0.476191
0.533333 0.476191
0.533333 0.476191
0.6 0.476191
0.6 0.52381
0.533333 0.52381
0.4 0.476191
0.466667 0.476191
0.466667 0.52381
0.4 0.52381
0.466667 0.476191
0.533333 0.476191
0.533333 0.52381
0.466667 0.52381
0.4 0.428571
0.466667 0.428571
0.466667 0.476191
0.4 0.476191
0.466667 0.428571
0.533333 0.428571
0.533333 0.476191
0.466667 0.476191
0.4 0.52381
0.466667 0.52381
0.466667 0.571429
0.4 0.571429
0.466667 0.52381
0.533333 0.52381
0.533333 0.571429
0.466667 0.571429
0.375 0.0
0.625 0.0
0.625 0.25
0.375 0.25
0.375 0.25
0.625 0.25
0.625 0.5
0.375 0.5
0.375 0.5
0.625 0.5
0.625 0.75
0.375 0.75
0.375 0.75
0.625 0.75
0.625 1.0
0.375 1.0
0.125 0.5
0.375 0.5
0.375 0.75
0.125 0.75
0.625 0.5
0.875 0.5
0.875 0.75
0.625 0.75
0.125 0.5
0.375 0.5
0.375 0.75
0.125 0.75
0.125 0.5
0.125 0.75
0.375 0.75
0.375 0.5
0.125 0.75
0.375 0.75
0.375 0.75
0.125 0.75
0.375 0.5
0.125 0.5
0.125 0.5
0.375 0.5
0.375 0.75
0.375 0.5
0.375 0.5
0.375 0.75
0.125 0.5
0.125 0.75
0.125 0.75
0.125 0.5
0.125 0.5
0.125 0.75
0.375 0.75
0.375 0.5
0.375 0.75
0.125 0.75
0.125 0.75
0.375 0.75
0.375 0.75
0.125 0.75
0.125 0.75
0.375 0.75
0.125 0.5
0.375 0.5
0.375 0.5
0.125 0.5
0.375 0.5
0.375 0.75
0.375 0.75
0.375 0.5
0.125 0.75
0.125 0.5
0.125 0.5
0.125 0.75
0.125 0.5
0.375 0.5
0.375 0.75
0.125 0.75
0.125 0.5
0.375 0.5
0.375 0.5
0.125 0.5
0.375 0.5
0.375 0.75
0.375 0.75
0.375 0.5
0.125 0.75
0.125 0.5
0.125 0.5
0.125 0.75

0.763283 0.692876 0.466752 1.0
0.763283 0.692876 0.466752 1.0
0.763283 0.692876 0.466752 1.0
0.763283 0.692876 0.466752 1.0
0.763283 0.692876 0.466752 1.0
0.763283 0.692876 0.466752 1.0
0.763283 0.692876 0.466752 1.0
0.763283 0.692876 0.466752 1.0
0.763283 0.692876 0.466752 1.0
0.763283 0.692876 0.466752 1.0
0.763283 0.692876 0.466752 1.0
0.763283 0.692876 0.466752 1.0
0.763283 0.692876 0.466752 1.0
0.763283 0.692876 0.466752 1.0
0.763283 0.692876 0.466752 1.0
0.763283 0.692876 0.466752 1.0
0.763283 0.692876 0.466752 1.0
0.763283 0.692876 0.466752 1.0
0.763283 0.692876 0.466752 1.0
0.763283 0.692876 0.466752 1.0
0.763283 0.692876 0.466752 1.0
0.763283 0.692876 0.466752 1.0
0.763283 0.692876 0.466752 1.0
0.763283 0.692876 0.466752 1.0
0.763283 0.692876 0.466752 1.0
0.763283 0.692876 0.466752 1.0
0.763283 0.692876 0.466752 1.0
0.763283 0.692876 0.466752 1.0
0.763283 0.692876 0.466752 1.0
0.763283 0.692876 0.466752 1.0
0.763283 0.692876 0.466752 1.0
0.763283 0.692876 0.466752 1.0
0.763283 0.692876 0.466752 1.0
0.763283 0.692876 0.466752 1.0
0.763283 0.692876 0.466752 1.0
0.763283 0.692876 0.466752 1.0
0.763283 0.692876 0.466752 1.0
0.763283 0.692876 0.466752 1.0
0.763283 0.692876 0.466752 1.0
0.763283 0.692876 0.466752 1.0
0.118749 0.128941 0.133616 1.0
0.118749 0.128941 0.133616 1.0
0.118749 0.128941 0.133616 1.0
0.118749 0.128941 0.133616 1.0
0.118749 0.128941 0.133616 1.0
0.118749 0.128941 0.133616 1.0
0.118749 0.128941 0.133616 1.0
0.118749 0.128941 0.133616 1.0
0.118749 0.128941 0.133616 1.0
0.118749 0.128941 0.133616 1.0
0.118749 0.128941 0.133616 1.0
0.118749 0.128941 0.133616 1.0
0.118749 0.128941 0.133616 1.0
0.118749 0.128941 0.133616 1.0
0.118749 0.128941 0.133616 1.0
0.118749 0.128941 0.133616 1.0
0.118749 0.128941 0.133616 1.0
0.118749 0.128941 0.133616 1.0
0.118749 0.128941 0.133616 1.0
0.118749 0.128941 0.133616 1.0
0.118749 0.128941 0.133616 1.0
0.118749 0.128941 0.133616 1.0
0.118749 0.128941 0.133616 1.0
0.118749 0.128941 0.133616 1.0
0.118749 0.128941 0.133616 1.0
0.118749 0.128941 0.133616 1.0
0.118749 0.128941 0.133616 1.0
0.118749 0.128941 0.133616 1.0
0.118749 0.128941 0.133616 1.0
0.118749 0.128941 0.133616 1.0
0.118749 0.128941 0.133616 1.0
0.118749 0.128941 0.133616 1.0
0.118749 0.128941 0.133616 1.0
0.118749 0.128941 0.133616 1.0
0.118749 0.128941 0.133616 1.0
0.118749 0.128941 0.133616 1.0
0.118749 0.128941 0.133616 1.0
0.118749 0.128941 0.133616 1.0
0.118749 0.128941 0.133616 1.0
0.118749 0.128941 0.133616 1.0
0.118749 0.128941 0.133616 1.0
0.118749 0.128941 0.133616 1.0
0.118749 0.128941 0.133616 1.0
0.118749 0.128941 0.133616 1.0
0.118749 0.128941 0.133616 1.0
0.118749 0.128941 0.133616 1.0
0.118749 0.128941 0.133616 1.0
0.118749 0.128941 0.133616 1.0
0.118749 0.128941 0.133616 1.0
0.118749 0.128941 0.133616 1.0
0.118749 0.128941 0.133616 1.0
0.118749 0.128941 0.133616 1.0
0.118749 0.128941 0.133616 1.0
0.118749 0.128941 0.133616 1.0
0.118749 0.128941 0.133616 1.0
0.118749 0.128941 0.133616 1.0
0.118749 0.128941 0.133616 1.0
0.118749 0.128941 0.133616 1.0
0.118749 0.128941 0.133616 1.0
0.118749 0.128941 0.133616 1.0
0.118749 0.128941 0.133616 1.0
0.118749 0.128941 0.133616 1.0
0.118749 0.128941 0.133616 1.0
0.118749 0.128941 0.133616 1.0
0.118749 0.128941 0.133616 1.0
0.118749 0.128941 0.133616 1.0
0.118749 0.128941 0.133616 1.0
0.118749 0.128941 0.133616 1.0
0.118749 0.128941 0.133616 1.0
0.118749 0.128941 0.133616 1.0
0.118749 0.128941 0.133616 1.0
0.118749 0.128941 0.133616 1.0
0.118749 0.128941 0.133616 1.0
0.118749 0.128941 0.133616 1.0
0.118749 0.128941 0.133616 1.0
0.118749 0.128941 0.133616 1.0
0.118749 0.128941 0.133616 1.0
0.118749 0.128941 0.133616 1.0
0.118749 0.128941 0.133616 1.0
0.118749 0.128941 0.133616 1.0
0.118749 0.128941 0.133616 1.0
0.118749 0.128941 0.133616 1.0
0.118749 0.128941 0.133616 1.0
0.118749 0.128941 0.133616 1.0
0.118749 0.128941 0.133616 1.0
0.118749 0.128941 0.133616 1.0
0.118749 0.128941 0.133616 1.0
0.118749 0.128941 0.133616 1.0
0.118749 0.128941 0.133616 1.0
0.118749 0.128941 0.133616 1.0
0.118749 0.128941 0.133616 1.0
0.118749 0.128941 0.133616 1.0
0.118749 0.128941 0.133616 1.0
0.118749 0.128941 0.133616 1.0
0.118749 0.128941 0.133616 1.0
0.118749 0.128941 0.133616 1.0
0.118749 0.128941 0.133616 1.0
0.118749 0.128941 0.133616 1.0
0.118749 0.128941 0.133616 1.0
0.118749 0.128941 0.133616 1.0
0.118749 0.128941 0.133616 1.0
0.118749 0.128941 0.133616 1.0
0.118749 0.128941 0.133616 1.0
0.118749 0.128941 0.133616 1.0
0.118749 0.128941 0.133616 1.0
0.118749 0.128941 0.133616 1.0
0.118749 0.128941 0.133616 1.0
0.118749 0.128941 0.133616 1.0
0.118749 0.128941 0.133616 1.0
0.118749 0.128941 0.133616 1.0
0.118749 0.128941 0.133616 1.0
0.118749 0.128941 0.133616 1.0
0.118749 0.128941 0.133616 1.0
0.118749 0.128941 0.133616 1.0
0.118749 0.128941 0.133616 1.0
0.118749 0.128941 0.133616 1.0
0.118749 0.128941 0.133616 1.0
0.118749 0.128941 0.133616 1.0
0.118749 0.128941 0.133616 1.0
0.118749 0.128941 0.133616 1.0
0.118749 0.128941 0.133616 1.0
0.118749 0.128941 0.133616 1.0
0.118749 0.128941 0.133616 1.0
0.118749 0.128941 0.133616 1.0
0.118749 0.128941 0.133616 1.0
0.118749 0.128941 0.133616 1.0
0.118749 0.128941 0.133616 1.0
0.118749 0.128941 0.133616 1.0
0.118749 0.128941 0.133616 1.0
0.118749 0.128941 0.133616 1.0
0.118749 0.128941 0.133616 1.0
0.118749 0.128941 0.133616 1.0
0.118749 0.128941 0.133616 1.0
0.118749 0.128941 0.133616 1.0
0.118749 0.128941 0.133616 1.0
0.118749 0.128941 0.133616 1.0
0.118749 0.128941 0.133616 1.0
0.118749 0.128941 0.133616 1.0
0.118749 0.128941 0.133616 1.0
0.118749 0.128941 0.133616 1.0
0.118749 0.128941 0.133616 1.0
0.118749 0.128941 0.133616 1.0
0.118749 0.128941 0.133616 1.0
0.118749 0.128941 0.133616 1.0
0.118749 0.128941 0.133616 1.0
0.118749 0.128941 0.133616 1.0
0.118749 0.128941 0.133616 1.0
0.118749 0.128941 0.133616 1.0
0.118749 0.128941 0.133616 1.0
0.118749 0.128941 0.133616 1.0
0.118749 0.128941 0.133616 1.0
0.118749 0.128941 0.133616 1.0
0.118749 0.128941 0.133616 1.0
0.118749 0.128941 0.133616 1.0
0.118749 0.128941 0.133616 1.0
0.118749 0.128941 0.133616 1.0
0.118749 0.128941 0.133616 1.0
0.118749 0.128941 0.133616 1.0
0.118749 0.128941 0.133616 1.0
0.118749 0.128941 0.133616 1.0
0.118749 0.128941 0.133616 1.0
0.118749 0.128941 0.133616 1.0
0.118749 0.128941 0.133616 1.0
0.118749 0.128941 0.133616 1.0
0.118749 0.128941 0.133616 1.0
0.118749 0.128941 0.133616 1.0
0.118749 0.128941 0.133616 1.0
0.118749 0.128941 0.133616 1.0
0.118749 0.128941 0.133616 1.0
0.118749 0.128941 0.133616 1.0
0.118749 0.128941 0.133616 1.0
0.118749 0.128941 0.133616 1.0
0.118749 0.128941 0.133616 1.0
0.118749 0.128941 0.133616 1.0
0.118749 0.128941 0.133616 1.0
0.118749 0.128941 0.133616 1.0
0.118749 0.128941 0.133616 1.0
0.118749 0.128941 0.133616 1.0
0.118749 0.128941 0.133616 1.0
0.118749 0.128941 0.133616 1.0
0.118749 0.128941 0.133616 1.0
0.118749 0.128941 0.133616 1.0
0.118749 0.128941 0.133616 1.0
0.118749 0.128941 0.133616 1.0
0.118749 0.128941 0.133616 1.0
0.118749 0.128941 0.133616 1.0
0.118749 0.128941 0.133616 1.0
0.118749 0.128941 0.133616 1.0
0.118749 0.128941 0.133616 1.0
0.118749 0.128941 0.133616 1.0
0.118749 0.128941 0.133616 1.0
0.118749 0.128941 0.133616 1.0
0.118749 0.128941 0.133616 1.0
0.118749 0.128941 0.133616 1.0
0.118749 0.128941 0.133616 1.0
0.118749 0.128941 0.133616 1.0
0.118749 0.128941 0.133616 1.0
0.118749 0.128941 0.133616 1.0
0.118749 0.128941 0.133616 1.0
0.118749 0.128941 0.133616 1.0
0.118749 0.128941 0.133616 1.0
0.118749 0.128941 0.133616 1.0
0.118749 0.128941 0.133616 1.0
0.118749 0.128941 0.133616 1.0
0.118749 0.128941 0.133616 1.0
0.118749 0.128941 0.133616 1.0
0.118749 0.128941 0.133616 1.0
0.118749 0.128941 0.133616 1.0
0.118749 0.128941 0.133616 1.0
0.118749 0.128941 0.133616 1.0
0.118749 0.128941 0.133616 1.0
0.118749 0.128941 0.133616 1.0
0.118749 0.128941 0.133616 1.0
0.118749 0.128941 0.133616 1.0
0.118749 0.128941 0.133616 1.0
0.118749 0.128941 0.133616 1.0
0.118749 0.128941 0.133616 1.0
0.118749 0.128941 0.133616 1.0
0.118749 0.128941 0.133616 1.0
0.118749 0.128941 0.133616 1.0
0.118749 0.128941 0.133616 1.0
0.118749 0.128941 0.133616 1.0
0.118749 0.128941 0.133616 1.0
0.118749 0.128941 0.133616 1.0
0.118749 0.128941 0.133616 1.0
0.118749 0.128941 0.133616 1.0
0.118749 0.128941 0.133616 1.0
0.118749 0.128941 0.133616 1.0
0.118749 0.128941 0.133616 1.0
0.118749 0.128941 0.133616 1.0
0.118749 0.128941 0.133616 1.0
0.118749 0.128941 0.133616 1.0
0.118749 0.128941 0.133616 1.0
0.118749 0.128941 0.133616 1.0
0.118749 0.128941 0.133616 1.0
0.118749 0.128941 0.133616 1.0
0.118749 0.128941 0.133616 1.0
0.118749 0.128941 0.133616 1.0
0.17 0.17 0.169991 1.0
0.17 0.17 0.169991 1.0
0.17 0.17 0.169991 1.0
0.17 0.17 0.169991 1.0
0.17 0.17 0.169991 1.0
0.17 0.17 0.169991 1.0
0.17 0.17 0.169991 1.0
0.17 0.17 0.169991 1.0
0.17 0.17 0.169991 1.0
0.17 0.17 0.169991 1.0
0.17 0.17 0.169991 1.0
0.17 0.17 0.169991 1.0
0.17 0.17 0.169991 1.0
0.17 0.17 0.169991 1.0
0.17 0.17 0.169991 1.0
0.17 0.17 0.169991 1.0
0.17 0.17 0.169991 1.0
0.17 0.17 0.169991 1.0
0.17 0.17 0.169991 1.0
0.17 0.17 0.169991 1.0
0.17 0.17 0.169991 1.0
0.17 0.17 0.169991 1.0
0.17 0.17 0.169991 1.0
0.17 0.17 0.169991 1.0
0.17 0.17 0.169991 1.0
0.17 0.17 0.169991 1.0
0.17 0.17 0.169991 1.0
0.17 0.17 0.169991 1.0
0.17 0.17 0.169991 1.0
0.17 0.17 0.169991 1.0
0.17 0.17 0.169991 1.0
0.17 0.17 0.169991 1.0
0.17 0.17 0.169991 1.0
0.17 0.17 0.169991 1.0
0.17 0.17 0.169991 1.0
0.17 0.17 0.169991 1.0
0.17 0.17 0.169991 1.0
0.17 0.17 0.169991 1.0
0.17 0.17 0.169991 1.0
0.17 0.17 0.169991 1.0
0.17 0.17 0.169991 1.0
0.17 0.17 0.169991 1.0
0.17 0.17 0.169991 1.0
0.17 0.17 0.169991 1.0
0.17 0.17 0.169991 1.0
0.17 0.17 0.169991 1.0
0.17 0.17 0.169991 1.0
0.17 0.17 0.169991 1.0
0.17 0.17 0.169991 1.0
0.17 0.17 0.169991 1.0
0.17 0.17 0.169991 1.0
0.17 0.17 0.169991 1.0
0.17 0.17 0.169991 1.0
0.17 0.17 0.169991 1.0
0.17 0.17 0.169991 1.0
0.17 0.17 0.169991 1.0
0.17 0.17 0.169991 1.0
0.17 0.17 0.169991 1.0
0.17 0.17 0.169991 1.0
0.17 0.17 0.169991 1.0
0.17 0.17 0.169991 1.0
0.17 0.17 0.169991 1.0
0.17 0.17 0.169991 1.0
0.17 0.17 0.169991 1.0
0.17 0.17 0.169991 1.0
0.17 0.17 0.169991 1.0
0.17 0.17 0.169991 1.0
0.17 0.17 0.169991 1.0
0.17 0.17 0.169991 1.0
0.17 0.17 0.169991 1.0
0.17 0.17 0.169991 1.0
0.17 0.17 0.169991 1.0
0.17 0.17 0.169991 1.0
0.17 0.17 0.169991 1.0
0.17 0.17 0.169991 1.0
0.17 0.17 0.169991 1.0
0.17 0.17 0.169991 1.0
0.17 0.17 0.169991 1.0
0.17 0.17 0.169991 1.0
0.17 0.17 0.169991 1.0
0.17 0.17 0.169991 1.0
0.17 0.17 0.169991 1.0
0.17 0.17 0.169991 1.0
0.17 0.17 0.169991 1.0
0.17 0.17 0.169991 1.0
0.17 0.17 0.169991 1.0
0.17 0.17 0.169991 1.0
0.17 0.17 0.169991 1.0
0.17 0.17 0.169991 1.0
0.17 0.17 0.169991 1.0
0.17 0.17 0.169991 1.0
0.17 0.17 0.169991 1.0
0.17 0.17 0.169991 1.0
0.17 0.17 0.169991 1.0
0.17 0.17 0.169991 1.0
0.17 0.17 0.169991 1.0
0.17 0.17 0.169991 1.0
0.17 0.17 0.169991 1.0
0.17 0.17 0.169991 1.0
0.17 0.17 0.169991 1.0
0.17 0.17 0.169991 1.0
0.17 0.17 0.169991 1.0
0.17 0.17 0.169991 1.0
0.17 0.17 0.169991 1.0
0.17 0.17 0.169991 1.0
0.17 0.17 0.169991 1.0
0.17 0.17 0.169991 1.0
0.17 0.17 0.169991 1.0
0.17 0.17 0.169991 1.0
0.17 0.17 0.169991 1.0
0.17 0.17 0.169991 1.0
0.17 0.17 0.169991 1.0
0.17 0.17 0.169991 1.0
0.17 0.17 0.169991 1.0
0.17 0.17 0.169991 1.0
0.17 0.17 0.169991 1.0
0.17 0.17 0.169991 1.0
0.17 0.17 0.169991 1.0
0.17 0.17 0.169991 1.0
0.17 0.17 0.169991 1.0
0.17 0.17 0.169991 1.0
0.17 0.17 0.169991 1.0
0.17 0.17 0.169991 1.0
0.17 0.17 0.169991 1.0
0.17 0.17 0.169991 1.0
0.17 0.17 0.169991 1.0
0.17 0.17 0.169991 1.0
0.17 0.17 0.169991 1.0
0.17 0.17 0.169991 1.0
0.17 0.17 0.169991 1.0
0.17 0.17 0.169991 1.0
0.17 0.17 0.169991 1.0
0.17 0.17 0.169991 1.0
0.17 0.17 0.169991 1.0
0.17 0.17 0.169991 1.0
0.17 0.17 0.169991 1.0
0.17 0.17 0.169991 1.0
0.17 0.17 0.169991 1.0
0.17 0.17 0.169991 1.0
0.17 0.17 0.169991 1.0
0.17 0.17 0.169991 1.0
0.17 0.17 0.169991 1.0
0.17 0.17 0.169991 1.0
0.17 0.17 0.169991 1.0
0.17 0.17 0.169991 1.0
0.17 0.17 0.169991 1.0
0.17 0.17 0.169991 1.0
0.17 0.17 0.169991 1.0
0.17 0.17 0.169991 1.0
0.17 0.17 0.169991 1.0
0.17 0.17 0.169991 1.0
0.17 0.17 0.169991 1.0
0.17 0.17 0.169991 1.0
0.17 0.17 0.169991 1.0
0.17 0.17 0.169991 1.0
0.17 0.17 0.169991 1.0
0.456404 0.209691 0.083136 1.0
0.456404 0.209691 0.083136 1.0
0.456404 0.209691 0.083136 1.0
0.456404 0.209691 0.083136 1.0
0.456404 0.209691 0.083136 1.0
0.456404 0.209691 0.083136 1.0
0.456404 0.209691 0.083136 1.0
0.456404 0.209691 0.083136 1.0
0.456404 0.209691 0.083136 1.0
0.456404 0.209691 0.083136 1.0
0.456404 0.209691 0.083136 1.0
0.456404 0.209691 0.083136 1.0
0.456404 0.209691 0.083136 1.0
0.456404 0.209691 0.083136 1.0
0.456404 0.209691 0.083136 1.0
0.456404 0.209691 0.083136 1.0
0.456404 0.209691 0.083136 1.0
0.456404 0.209691 0.083136 1.0
0.456404 0.209691 0.083136 1.0
0.456404 0.209691 0.083136 1.0
0.456404 0.209691 0.083136 1.0
0.456404 0.209691 0.083136 1.0
0.456404 0.209691 0.083136 1.0
0.456404 0.209691 0.083136 1.0
0.456404 0.209691 0.083136 1.0
0.456404 0.209691 0.083136 1.0
0.456404 0.209691 0.083136 1.0
0.456404 0.209691 0.083136 1.0
0.456404 0.209691 0.083136 1.0
0.456404 0.209691 0.083136 1.0
0.456404 0.209691 0.083136 1.0
0.456404 0.209691 0.083136 1.0
0.456404 0.209691 0.083136 1.0
0.456404 0.209691 0.083136 1.0
0.456404 0.209691 0.083136 1.0
0.456404 0.209691 0.083136 1.0
0.456404 0.209691 0.083136 1.0
0.456404 0.209691 0.083136 1.0
0.456404 0.209691 0.083136 1.0
0.456404 0.209691 0.083136 1.0
0.456404 0.209691 0.083136 1.0
0.456404 0.209691 0.083136 1.0
0.456404 0.209691 0.083136 1.0
0.456404 0.209691 0.083136 1.0
0.456404 0.209691 0.083136 1.0
0.456404 0.209691 0.083136 1.0
0.456404 0.209691 0.083136 1.0
0.456404 0.209691 0.083136 1.0
0.456404 0.209691 0.083136 1.0
0.456404 0.209691 0.083136 1.0
0.456404 0.209691 0.083136 1.0
0.456404 0.209691 0.083136 1.0
0.456404 0.209691 0.083136 1.0
0.456404 0.209691 0.083136 1.0
0.456404 0.209691 0.083136 1.0
0.456404 0.209691 0.083136 1.0
0.456404 0.209691 0.083136 1.0
0.456404 0.209691 0.083136 1.0
0.456404 0.209691 0.083136 1.0
0.456404 0.209691 0.083136 1.0
0.456404 0.209691 0.083136 1.0
0.456404 0.209691 0.083136 1.0
0.456404 0.209691 0.083136 1.0
0.456404 0.209691 0.083136 1.0
0.456404 0.209691 0.083136 1.0
0.456404 0.209691 0.083136 1.0
0.456404 0.209691 0.083136 1.0
0.456404 0.209691 0.083136 1.0
0.456404 0.209691 0.083136 1.0
0.456404 0.209691 0.083136 1.0
0.456404 0.209691 0.083136 1.0
0.456404 0.209691 0.083136 1.0
0.456404 0.209691 0.083136 1.0
0.456404 0.209691 0.083136 1.0
0.456404 0.209691 0.083136 1.0
0.456404 0.209691 0.083136 1.0
0.456404 0.209691 0.083136 1.0
0.456404 0.209691 0.083136 1.0
0.456404 0.209691 0.083136 1.0
0.456404 0.209691 0.083136 1.0
0.456404 0.209691 0.083136 1.0
0.456404 0.209691 0.083136 1.0
0.456404 0.209691 0.083136 1.0
0.456404 0.209691 0.083136 1.0
0.456404 0.209691 0.083136 1.0
0.456404 0.209691 0.083136 1.0
0.456404 0.209691 0.083136 1.0
0.456404 0.209691 0.083136 1.0
0.456404 0.209691 0.083136 1.0
0.456404 0.209691 0.083136 1.0
0.456404 0.209691 0.083136 1.0
0.456404 0.209691 0.083136 1.0
0.456404 0.209691 0.083136 1.0
0.456404 0.209691 0.083136 1.0
0.456404 0.209691 0.083136 1.0
0.456404 0.209691 0.083136 1.0
0.456404 0.209691 0.083136 1.0
0.456404 0.209691 0.083136 1.0
0.456404 0.209691 0.083136 1.0
0.456404 0.209691 0.083136 1.0
0.456404 0.209691 0.083136 1.0
0.456404 0.209691 0.083136 1.0
0.456404 0.209691 0.083136 1.0
0.456404 0.209691 0.083136 1.0
0.456404 0.209691 0.083136 1.0
0.456404 0.209691 0.083136 1.0
0.456404 0.209691 0.083136 1.0
0.456404 0.209691 0.083136 1.0
0.456404 0.209691 0.083136 1.0
0.456404 0.209691 0.083136 1.0
0.456404 0.209691 0.083136 1.0
0.456404 0.209691 0.083136 1.0
0.456404 0.209691 0.083136 1.0
0.456404 0.209691 0.083136 1.0
0.456404 0.209691 0.083136 1.0
0.456404 0.209691 0.083136 1.0
0.456404 0.209691 0.083136 1.0
0.456404 0.209691 0.083136 1.0
0.456404 0.209691 0.083136 1.0
0.456404 0.209691 0.083136 1.0
0.456404 0.209691 0.083136 1.0
0.456404 0.209691 0.083136 1.0
0.456404 0.209691 0.083136 1.0
0.456404 0.209691 0.083136 1.0
0.456404 0.209691 0.083136 1.0
0.456404 0.209691 0.083136 1.0
0.456404 0.209691 0.083136 1.0
0.456404 0.209691 0.083136 1.0
0.456404 0.209691 0.083136 1.0
0.456404 0.209691 0.083136 1.0
0.456404 0.209691 0.083136 1.0
0.456404 0.209691 0.083136 1.0
0.456404 0.209691 0.083136 1.0
0.456404 0.209691 0.083136 1.0
0.456404 0.209691 0.083136 1.0
0.456404 0.209691 0.083136 1.0
0.456404 0.209691 0.083136 1.0
0.456404 0.209691 0.083136 1.0
0.456404 0.209691 0.083136 1.0
0.456404 0.209691 0.083136 1.0
0.456404 0.209691 0.083136 1.0
0.456404 0.209691 0.083136 1.0
0.456404 0.209691 0.083136 1.0
0.456404 0.209691 0.083136 1.0
0.456404 0.209691 0.083136 1.0
0.456404 0.209691 0.083136 1.0
0.456404 0.209691 0.083136 1.0
0.456404 0.209691 0.083136 1.0
0.456404 0.209691 0.083136 1.0
0.456404 0.209691 0.083136 1.0
0.456404 0.209691 0.083136 1.0
0.456404 0.209691 0.083136 1.0
0.456404 0.209691 0.083136 1.0
0.456404 0.209691 0.083136 1.0
0.456404 0.209691 0.083136 1.0
0.456404 0.209691 0.083136 1.0
0.456404 0.209691 0.083136 1.0
0.456404 0.209691 0.083136 1.0
0.456404 0.209691 0.083136 1.0
0.456404 0.209691 0.083136 1.0
0.456404 0.209691 0.083136 1.0
0.456404 0.209691 0.083136 1.0
0.456404 0.209691 0.083136 1.0
0.456404 0.209691 0.083136 1.0
0.456404 0.209691 0.083136 1.0
0.456404 0.209691 0.083136 1.0
0.456404 0.209691 0.083136 1.0
0.456404 0.209691 0.083136 1.0
0.456404 0.209691 0.083136 1.0
0.456404 0.209691 0.083136 1.0
0.456404 0.209691 0.083136 1.0
0.456404 0.209691 0.083136 1.0
0.456404 0.209691 0.083136 1.0
0.456404 0.209691 0.083136 1.0
0.456404 0.209691 0.083136 1.0
0.456404 0.209691 0.083136 1.0
0.456404 0.209691 0.083136 1.0
0.456404 0.209691 0.083136 1.0
0.456404 0.209691 0.083136 1.0
0.456404 0.209691 0.083136 1.0
0.456404 0.209691 0.083136 1.0
0.456404 0.209691 0.083136 1.0
0.456404 0.209691 0.083136 1.0
0.456404 0.209691 0.083136 1.0
0.456404 0.209691 0.083136 1.0
0.456404 0.209691 0.083136 1.0
0.456404 0.209691 0.083136 1.0
0.456404 0.209691 0.083136 1.0
0.456404 0.209691 0.083136 1.0
0.456404 0.209691 0.083136 1.0
0.456404 0.209691 0.083136 1.0
0.456404 0.209691 0.083136 1.0
0.456404 0.209691 0.083136 1.0
0.456404 0.209691 0.083136 1.0
0.456404 0.209691 0.083136 1.0
0.456404 0.209691 0.083136 1.0
0.456404 0.209691 0.083136 1.0
0.456404 0.209691 0.083136 1.0
0.456404 0.209691 0.083136 1.0
0.456404 0.209691 0.083136 1.0
0.456404 0.209691 0.083136 1.0
0.456404 0.209691 0.083136 1.0
0.456404 0.209691 0.083136 1.0
0.456404 0.209691 0.083136 1.0
0.075642 0.075642 0.075642 1.0
0.075642 0.075642 0.075642 1.0
0.075642 0.075642 0.075642 1.0
0.075642 0.075642 0.075642 1.0
0.075642 0.075642 0.075642 1.0
0.075642 0.075642 0.075642 1.0
0.075642 0.075642 0.075642 1.0
0.075642 0.075642 0.075642 1.0
0.075642 0.075642 0.075642 1.0
0.075642 0.075642 0.075642 1.0
0.075642 0.075642 0.075642 1.0
0.075642 0.075642 0.075642 1.0
0.075642 0.075642 0.075642 1.0
0.075642 0.075642 0.075642 1.0
0.075642 0.075642 0.075642 1.0
0.075642 0.075642 0.075642 1.0
0.075642 0.075642 0.075642 1.0
0.075642 0.075642 0.075642 1.0
0.075642 0.075642 0.075642 1.0
0.075642 0.075642 0.075642 1.0
0.075642 0.075642 0.075642 1.0
0.075642 0.075642 0.075642 1.0
0.075642 0.075642 0.075642 1.0
0.075642 0.075642 0.075642 1.0
0.075642 0.075642 0.075642 1.0
0.075642 0.075642 0.075642 1.0
0.075642 0.075642 0.075642 1.0
0.075642 0.075642 0.075642 1.0
0.075642 0.075642 0.075642 1.0
0.075642 0.075642 0.075642 1.0
0.075642 0.075642 0.075642 1.0
0.075642 0.075642 0.075642 1.0
0.075642 0.075642 0.075642 1.0
0.075642 0.075642 0.075642 1.0
0.075642 0.075642 0.075642 1.0
0.075642 0.075642 0.075642 1.0
0.075642 0.075642 0.075642 1.0
0.075642 0.075642 0.075642 1.0
0.075642 0.075642 0.075642 1.0
0.075642 0.075642 0.075642 1.0
0.075642 0.075642 0.075642 1.0
0.075642 0.075642 0.075642 1.0
0.075642 0.075642 0.075642 1.0
0.075642 0.075642 0.075642 1.0
0.075642 0.075642 0.075642 1.0
0.075642 0.075642 0.075642 1.0
0.075642 0.075642 0.075642 1.0
0.075642 0.075642 0.075642 1.0
0.075642 0.075642 0.075642 1.0
0.075642 0.075642 0.075642 1.0
0.075642 0.075642 0.075642 1.0
0.075642 0.075642 0.075642 1.0
0.075642 0.075642 0.075642 1.0
0.075642 0.075642 0.075642 1.0
0.075642 0.075642 0.075642 1.0
0.075642 0.075642 0.075642 1.0
0.075642 0.075642 0.075642 1.0
0.075642 0.075642 0.075642 1.0
0.075642 0.075642 0.075642 1.0
0.075642 0.075642 0.075642 1.0
0.075642 0.075642 0.075642 1.0
0.075642 0.075642 0.075642 1.0
0.075642 0.075642 0.075642 1.0
0.075642 0.075642 0.075642 1.0
0.075642 0.075642 0.075642 1.0
0.075642 0.075642 0.075642 1.0
0.075642 0.075642 0.075642 1.0
0.075642 0.075642 0.075642 1.0
0.075642 0.075642 0.075642 1.0
0.075642 0.075642 0.075642 1.0
0.075642 0.075642 0.075642 1.0
0.075642 0.075642 0.075642 1.0
0.075642 0.075642 0.075642 1.0
0.075642 0.075642 0.075642 1.0
0.075642 0.075642 0.075642 1.0
0.075642 0.075642 0.075642 1.0
0.075642 0.075642 0.075642 1.0
0.075642 0.075642 0.075642 1.0
0.075642 0.075642 0.075642 1.0
0.075642 0.075642 0.075642 1.0
0.075642 0.075642 0.075642 1.0
0.075642 0.075642 0.075642 1.0
0.075642 0.075642 0.075642 1.0
0.075642 0.075642 0.075642 1.0
0.075642 0.075642 0.075642 1.0
0.075642 0.075642 0.075642 1.0
0.075642 0.075642 0.075642 1.0
0.075642 0.075642 0.075642 1.0
0.075642 0.075642 0.075642 1.0
0.075642 0.075642 0.075642 1.0
0.075642 0.075642 0.075642 1.0
0.075642 0.075642 0.075642 1.0
0.075642 0.075642 0.075642 1.0
0.075642 0.075642 0.075642 1.0
0.075642 0.075642 0.075642 1.0
0.075642 0.075642 0.075642 1.0
0.075642 0.075642 0.075642 1.0
0.075642 0.075642 0.075642 1.0
0.075642 0.075642 0.075642 1.0
0.075642 0.075642 0.075642 1.0
0.075642 0.075642 0.075642 1.0
0.075642 0.075642 0.075642 1.0
0.075642 0.075642 0.075642 1.0
0.075642 0.075642 0.075642 1.0
0.075642 0.075642 0.075642 1.0
0.075642 0.075642 0.075642 1.0
0.075642 0.075642 0.075642 1.0
0.075642 0.075642 0.075642 1.0
0.075642 0.075642 0.075642 1.0
0.075642 0.075642 0.075642 1.0
0.075642 0.075642 0.075642 1.0
0.075642 0.075642 0.075642 1.0
0.075642 0.075642 0.075642 1.0
0.075642 0.075642 0.075642 1.0
0.075642 0.075642 0.075642 1.0
0.075642 0.075642 0.075642 1.0
0.075642 0.075642 0.075642 1.0
0.075642 0.075642 0.075642 1.0
0.075642 0.075642 0.075642 1.0
0.075642 0.075642 0.075642 1.0
0.075642 0.075642 0.075642 1.0
0.075642 0.075642 0.075642 1.0
0.075642 0.075642 0.075642 1.0
0.075642 0.075642 0.075642 1.0
0.075642 0.075642 0.075642 1.0
0.075642 0.075642 0.075642 1.0
0.075642 0.075642 0.075642 1.0
0.075642 0.075642 0.075642 1.0
0.075642 0.075642 0.075642 1.0
0.075642 0.075642 0.075642 1.0
0.075642 0.075642 0.075642 1.0
0.075642 0.075642 0.075642 1.0
0.075642 0.075642 0.075642 1.0
0.075642 0.075642 0.075642 1.0
0.075642 0.075642 0.075642 1.0
0.075642 0.075642 0.075642 1.0
0.075642 0.075642 0.075642 1.0
0.075642 0.075642 0.075642 1.0
0.075642 0.075642 0.075642 1.0
0.075642 0.075642 0.075642 1.0
0.075642 0.075642 0.075642 1.0
0.075642 0.075642 0.075642 1.0
0.075642 0.075642 0.075642 1.0
0.075642 0.075642 0.075642 1.0
0.075642 0.075642 0.075642 1.0
0.075642 0.075642 0.075642 1.0
0.075642 0.075642 0.075642 1.0
0.075642 0.075642 0.075642 1.0
0.075642 0.075642 0.075642 1.0
0.075642 0.075642 0.075642 1.0
0.075642 0.075642 0.075642 1.0
0.075642 0.075642 0.075642 1.0
0.075642 0.075642 0.075642 1.0
0.075642 0.075642 0.075642 1.0
0.075642 0.075642 0.075642 1.0
0.075642 0.075642 0.075642 1.0
0.075642 0.075642 0.075642 1.0
0.075642 0.075642 0.075642 1.0
0.075642 0.075642 0.075642 1.0
0.075642 0.075642 0.075642 1.0
0.075642 0.075642 0.075642 1.0
0.075642 0.075642 0.075642 1.0
0.075642 0.075642 0.075642 1.0
0.075642 0.075642 0.075642 1.0
0.075642 0.075642 0.075642 1.0
0.075642 0.075642 0.075642 1.0
0.075642 0.075642 0.075642 1.0
0.075642 0.075642 0.075642 1.0
0.075642 0.075642 0.075642 1.0
0.075642 0.075642 0.075642 1.0
0.075642 0.075642 0.075642 1.0
0.075642 0.075642 0.075642 1.0
0.075642 0.075642 0.075642 1.0
0.075642 0.075642 0.075642 1.0
0.075642 0.075642 0.075642 1.0
0.075642 0.075642 0.075642 1.0
0.075642 0.075642 0.075642 1.0
0.075642 0.075642 0.075642 1.0
0.075642 0.075642 0.075642 1.0
0.075642 0.075642 0.075642 1.0
0.075642 0.075642 0.075642 1.0
0.075642 0.075642 0.075642 1.0
0.075642 0.075642 0.075642 1.0
0.075642 0.075642 0.075642 1.0
0.075642 0.075642 0.075642 1.0
0.075642 0.075642 0.075642 1.0
0.075642 0.075642 0.075642 1.0
0.075642 0.075642 0.075642 1.0
0.075642 0.075642 0.075642 1.0
0.075642 0.075642 0.075642 1.0
0.075642 0.075642 0.075642 1.0
0.075642 0.075642 0.075642 1.0
0.075642 0.075642 0.075642 1.0
0.075642 0.075642 0.075642 1.0
0.075642 0.075642 0.075642 1.0
0.075642 0.075642 0.075642 1.0
0.075642 0.075642 0.075642 1.0
0.075642 0.075642 0.075642 1.0
0.075642 0.075642 0.075642 1.0
0.075642 0.075642 0.075642 1.0
0.075642 0.075642 0.075642 1.0
0.075642 0.075642 0.075642 1.0
0.075642 0.075642 0.075642 1.0
0.075642 0.075642 0.075642 1.0
0.075642 0.075642 0.075642 1.0
0.075642 0.075642 0.075642 1.0
0.075642 0.075642 0.075642 1.0
0.075642 0.075642 0.075642 1.0
0.075642 0.075642 0.075642 1.0
0.075642 0.075642 0.075642 1.0
0.075642 0.075642 0.075642 1.0
0.075642 0.075642 0.075642 1.0
0.075642 0.075642 0.075642 1.0
0.075642 0.075642 0.075642 1.0
0.075642 0.075642 0.075642 1.0
0.075642 0.075642 0.075642 1.0
0.075642 0.075642 0.075642 1.0
0.075642 0.075642 0.075642 1.0
0.075642 0.075642 0.075642 1.0
0.075642 0.075642 0.075642 1.0
0.075642 0.075642 0.075642 1.0
0.075642 0.075642 0.075642 1.0
0.075642 0.075642 0.075642 1.0
0.075642 0.075642 0.075642 1.0
0.39016 0.250021 0.025877 1.0
0.39016 0.250021 0.025877 1.0
0.39016 0.250021 0.025877 1.0
0.39016 0.250021 0.025877 1.0
0.39016 0.250021 0.025877 1.0
0.39016 0.250021 0.025877 1.0
0.39016 0.250021 0.025877 1.0
0.39016 0.250021 0.025877 1.0
0.39016 0.250021 0.025877 1.0
0.39016 0.250021 0.025877 1.0
0.39016 0.250021 0.025877 1.0
0.39016 0.250021 0.025877 1.0
0.39016 0.250021 0.025877 1.0
0.39016 0.250021 0.025877 1.0
0.39016 0.250021 0.025877 1.0
0.39016 0.250021 0.025877 1.0
0.39016 0.250021 0.025877 1.0
0.39016 0.250021 0.025877 1.0
0.39016 0.250021 0.025877 1.0
0.39016 0.250021 0.025877 1.0
0.39016 0.250021 0.025877 1.0
0.39016 0.250021 0.025877 1.0
0.39016 0.250021 0.025877 1.0
0.39016 0.250021 0.025877 1.0
0.39016 0.250021 0.025877 1.0
0.39016 0.250021 0.025877 1.0
0.39016 0.250021 0.025877 1.0
0.39016 0.250021 0.025877 1.0
0.39016 0.250021 0.025877 1.0
0.39016 0.250021 0.025877 1.0
0.39016 0.250021 0.025877 1.0
0.39016 0.250021 0.025877 1.0
0.39016 0.250021 0.025877 1.0
0.39016 0.250021 0.025877 1.0
0.39016 0.250021 0.025877 1.0
0.39016 0.250021 0.025877 1.0
0.39016 0.250021 0.025877 1.0
0.39016 0.250021 0.025877 1.0
0.39016 0.250021 0.025877 1.0
0.39016 0.250021 0.025877 1.0
0.39016 0.250021 0.025877 1.0
0.39016 0.250021 0.025877 1.0
0.39016 0.250021 0.025877 1.0
0.39016 0.250021 0.025877 1.0
0.39016 0.250021 0.025877 1.0
0.39016 0.250021 0.025877 1.0
0.39016 0.250021 0.025877 1.0
0.39016 0.250021 0.025877 1.0
0.39016 0.250021 0.025877 1.0
0.39016 0.250021 0.025877 1.0
0.39016 0.250021 0.025877 1.0
0.39016 0.250021 0.025877 1.0
0.39016 0.250021 0.025877 1.0
0.39016 0.250021 0.025877 1.0
0.39016 0.250021 0.025877 1.0
0.39016 0.250021 0.025877 1.0
0.39016 0.250021 0.025877 1.0
0.39016 0.250021 0.025877 1.0
0.39016 0.250021 0.025877 1.0
0.39016 0.250021 0.025877 1.0
0.39016 0.250021 0.025877 1.0
0.39016 0.250021 0.025877 1.0
0.39016 0.250021 0.025877 1.0
0.39016 0.250021 0.025877 1.0
0.39016 0.250021 0.025877 1.0
0.39016 0.250021 0.025877 1.0
0.39016 0.250021 0.025877 1.0
0.39016 0.250021 0.025877 1.0
0.39016 0.250021 0.025877 1.0
0.39016 0.250021 0.025877 1.0
0.39016 0.250021 0.025877 1.0
0.39016 0.250021 0.025877 1.0
0.39016 0.250021 0.025877 1.0
0.39016 0.250021 0.025877 1.0
0.39016 0.250021 0.025877 1.0
0.39016 0.250021 0.025877 1.0
0.39016 0.250021 0.025877 1.0
0.39016 0.250021 0.025877 1.0
0.39016 0.250021 0.025877 1.0
0.39016 0.250021 0.025877 1.0
0.39016 0.250021 0.025877 1.0
0.39016 0.250021 0.025877 1.0
0.39016 0.250021 0.025877 1.0
0.39016 0.250021 0.025877 1.0
0.39016 0.250021 0.025877 1.0
0.39016 0.250021 0.025877 1.0
0.39016 0.250021 0.025877 1.0
0.39016 0.250021 0.025877 1.0
0.39016 0.250021 0.025877 1.0
0.39016 0.250021 0.025877 1.0
0.39016 0.250021 0.025877 1.0
0.39016 0.250021 0.025877 1.0
0.39016 0.250021 0.025877 1.0
0.39016 0.250021 0.025877 1.0
0.39016 0.250021 0.025877 1.0
0.39016 0.250021 0.025877 1.0
0.39016 0.250021 0.025877 1.0
0.39016 0.250021 0.025877 1.0
0.39016 0.250021 0.025877 1.0
0.39016 0.250021 0.025877 1.0
0.39016 0.250021 0.025877 1.0
0.39016 0.250021 0.025877 1.0
0.39016 0.250021 0.025877 1.0
0.39016 0.250021 0.025877 1.0
0.39016 0.250021 0.025877 1.0
0.39016 0.250021 0.025877 1.0
0.39016 0.250021 0.025877 1.0
0.39016 0.250021 0.025877 1.0
0.075642 0.075642 0.075642 1.0
0.075642 0.075642 0.075642 1.0
0.075642 0.075642 0.075642 1.0
0.075642 0.075642 0.075642 1.0
0.075642 0.075642 0.075642 1.0
0.075642 0.075642 0.075642 1.0
0.075642 0.075642 0.075642 1.0
0.075642 0.075642 0.075642 1.0
0.075642 0.075642 0.075642 1.0
0.075642 0.075642 0.075642 1.0
0.075642 0.075642 0.075642 1.0
0.075642 0.075642 0.075642 1.0
0.075642 0.075642 0.075642 1.0
0.075642 0.075642 0.075642 1.0
0.075642 0.075642 0.075642 1.0
0.075642 0.075642 0.075642 1.0
0.075642 0.075642 0.075642 1.0
0.075642 0.075642 0.075642 1.0
0.075642 0.075642 0.075642 1.0
0.075642 0.075642 0.075642 1.0
0.075642 0.075642 0.075642 1.0
0.075642 0.075642 0.075642 1.0
0.075642 0.075642 0.075642 1.0
0.075642 0.075642 0.075642 1.0
0.075642 0.075642 0.075642 1.0
0.075642 0.075642 0.075642 1.0
0.075642 0.075642 0.075642 1.0
0.075642 0.075642 0.075642 1.0
0.075642 0.075642 0.075642 1.0
0.075642 0.075642 0.075642 1.0
0.075642 0.075642 0.075642 1.0
0.075642 0.075642 0.075642 1.0
0.075642 0.075642 0.075642 1.0
0.075642 0.075642 0.075642 1.0
0.075642 0.075642 0.075642 1.0
0.075642 0.075642 0.075642 1.0
0.075642 0.075642 0.075642 1.0
0.075642 0.075642 0.075642 1.0
0.075642 0.075642 0.075642 1.0
0.075642 0.075642 0.075642 1.0
0.075642 0.075642 0.075642 1.0
0.075642 0.075642 0.075642 1.0
0.075642 0.075642 0.075642 1.0
0.075642 0.075642 0.075642 1.0
0.075642 0.075642 0.075642 1.0
0.075642 0.075642 0.075642 1.0
0.075642 0.075642 0.075642 1.0
0.075642 0.075642 0.075642 1.0
0.075642 0.075642 0.075642 1.0
0.075642 0.075642 0.075642 1.0
0.075642 0.075642 0.075642 1.0
0.075642 0.075642 0.075642 1.0
0.075642 0.075642 0.075642 1.0
0.075642 0.075642 0.075642 1.0
0.075642 0.075642 0.075642 1.0
0.075642 0.075642 0.075642 1.0
0.075642 0.075642 0.075642 1.0
0.075642 0.075642 0.075642 1.0
0.075642 0.075642 0.075642 1.0
0.075642 0.075642 0.075642 1.0
0.075642 0.075642 0.075642 1.0
0.075642 0.075642 0.075642 1.0
0.075642 0.075642 0.075642 1.0
0.075642 0.075642 0.075642 1.0
0.075642 0.075642 0.075642 1.0
0.075642 0.075642 0.075642 1.0
0.075642 0.075642 0.075642 1.0
0.075642 0.075642 0.075642 1.0
0.075642 0.075642 0.075642 1.0
0.075642 0.075642 0.075642 1.0
0.075642 0.075642 0.075642 1.0
0.075642 0.075642 0.075642 1.0
0.075642 0.075642 0.075642 1.0
0.075642 0.075642 0.075642 1.0
0.075642 0.075642 0.075642 1.0
0.075642 0.075642 0.075642 1.0
0.075642 0.075642 0.075642 1.0
0.075642 0.075642 0.075642 1.0
0.075642 0.075642 0.075642 1.0
0.075642 0.075642 0.075642 1.0
0.075642 0.075642 0.075642 1.0
0.075642 0.075642 0.075642 1.0
0.075642 0.075642 0.075642 1.0
0.075642 0.075642 0.075642 1.0
0.075642 0.075642 0.075642 1.0
0.075642 0.075642 0.075642 1.0
0.075642 0.075642 0.075642 1.0
0.075642 0.075642 0.075642 1.0
0.075642 0.075642 0.075642 1.0
0.075642 0.075642 0.075642 1.0
0.075642 0.075642 0.075642 1.0
0.075642 0.075642 0.075642 1.0
0.075642 0.075642 0.075642 1.0
0.075642 0.075642 0.075642 1.0
0.075642 0.075642 0.075642 1.0
0.075642 0.075642 0.075642 1.0
0.075642 0.075642 0.075642 1.0
0.075642 0.075642 0.075642 1.0
0.075642 0.075642 0.075642 1.0
0.075642 0.075642 0.075642 1.0
0.075642 0.075642 0.075642 1.0
0.075642 0.075642 0.075642 1.0
0.075642 0.075642 0.075642 1.0
0.075642 0.075642 0.075642 1.0
0.075642 0.075642 0.075642 1.0
0.075642 0.075642 0.075642 1.0
0.075642 0.075642 0.075642 1.0
0.075642 0.075642 0.075642 1.0
0.075642 0.075642 0.075642 1.0
0.075642 0.075642 0.075642 1.0
0.075642 0.075642 0.075642 1.0
0.075642 0.075642 0.075642 1.0
0.075642 0.075642 0.075642 1.0
0.075642 0.075642 0.075642 1.0
0.075642 0.075642 0.075642 1.0
0.075642 0.075642 0.075642 1.0
0.075642 0.075642 0.075642 1.0
0.075642 0.075642 0.075642 1.0
0.075642 0.075642 0.075642 1.0
0.075642 0.075642 0.075642 1.0
0.075642 0.075642 0.075642 1.0
0.075642 0.075642 0.075642 1.0
0.075642 0.075642 0.075642 1.0
0.075642 0.075642 0.075642 1.0
0.075642 0.075642 0.075642 1.0
0.075642 0.075642 0.075642 1.0
0.075642 0.075642 0.075642 1.0
0.075642 0.075642 0.075642 1.0
0.075642 0.075642 0.075642 1.0
0.075642 0.075642 0.075642 1.0
0.075642 0.075642 0.075642 1.0
0.075642 0.075642 0.075642 1.0
0.075642 0.075642 0.075642 1.0
0.075642 0.075642 0.075642 1.0
0.075642 0.075642 0.075642 1.0
0.075642 0.075642 0.075642 1.0
0.075642 0.075642 0.075642 1.0
0.075642 0.075642 0.075642 1.0
0.075642 0.075642 0.075642 1.0
0.075642 0.075642 0.075642 1.0
0.426213 0.426213 0.426213 1.0
0.426213 0.426213 0.426213 1.0
0.426213 0.426213 0.426213 1.0
0.426213 0.426213 0.426213 1.0
0.426213 0.426213 0.426213 1.0
0.426213 0.426213 0.426213 1.0
0.426213 0.426213 0.426213 1.0
0.426213 0.426213 0.426213 1.0
0.426213 0.426213 0.426213 1.0
0.426213 0.426213 0.426213 1.0
0.426213 0.426213 0.426213 1.0
0.426213 0.426213 0.426213 1.0
0.426213 0.426213 0.426213 1.0
0.426213 0.426213 0.426213 1.0
0.426213 0.426213 0.426213 1.0
0.426213 0.426213 0.426213 1.0
0.426213 0.426213 0.426213 1.0
0.426213 0.426213 0.426213 1.0
0.426213 0.426213 0.426213 1.0
0.426213 0.426213 0.426213 1.0
0.426213 0.426213 0.426213 1.0
0.426213 0.426213 0.426213 1.0
0.426213 0.426213 0.426213 1.0
0.426213 0.426213 0.426213 1.0
0.426213 0.426213 0.426213 1.0
0.426213 0.426213 0.426213 1.0
0.426213 0.426213 0.426213 1.0
0.426213 0.426213 0.426213 1.0
0.426213 0.426213 0.426213 1.0
0.426213 0.426213 0.426213 1.0
0.426213 0.426213 0.426213 1.0
0.426213 0.426213 0.426213 1.0
0.426213 0.426213 0.426213 1.0
0.426213 0.426213 0.426213 1.0
0.426213 0.426213 0.426213 1.0
0.426213 0.426213 0.426213 1.0
0.426213 0.426213 0.426213 1.0
0.426213 0.426213 0.426213 1.0
0.426213 0.426213 0.426213 1.0
0.426213 0.426213 0.426213 1.0
0.426213 0.426213 0.426213 1.0
0.426213 0.426213 0.426213 1.0
0.426213 0.426213 0.426213 1.0
0.426213 0.426213 0.426213 1.0
0.39016 0.250021 0.025877 1.0
0.39016 0.250021 0.025877 1.0
0.39016 0.250021 0.025877 1.0
0.39016 0.250021 0.025877 1.0
0.39016 0.250021 0.025877 1.0
0.39016 0.250021 0.025877 1.0
0.39016 0.250021 0.025877 1.0
0.39016 0.250021 0.025877 1.0
0.39016 0.250021 0.025877 1.0
0.39016 0.250021 0.025877 1.0
0.39016 0.250021 0.025877 1.0
0.39016 0.250021 0.025877 1.0
0.39016 0.250021 0.025877 1.0
0.39016 0.250021 0.025877 1.0
0.39016 0.250021 0.025877 1.0
0.39016 0.250021 0.025877 1.0
0.39016 0.250021 0.025877 1.0
0.39016 0.250021 0.025877 1.0
0.39016 0.250021 0.025877 1.0
0.39016 0.250021 0.025877 1.0
0.39016 0.250021 0.025877 1.0
0.39016 0.250021 0.025877 1.0
0.39016 0.250021 0.025877 1.0
0.39016 0.250021 0.025877 1.0
0.075642 0.075642 0.075642 1.0
0.075642 0.075642 0.075642 1.0
0.075642 0.075642 0.075642 1.0
0.075642 0.075642 0.075642 1.0
0.075642 0.075642 0.075642 1.0
0.075642 0.075642 0.075642 1.0
0.075642 0.075642 0.075642 1.0
0.075642 0.075642 0.075642 1.0
0.075642 0.075642 0.075642 1.0
0.075642 0.075642 0.075642 1.0
0.075642 0.075642 0.075642 1.0
0.075642 0.075642 0.075642 1.0
0.075642 0.075642 0.075642 1.0
0.075642 0.075642 0.075642 1.0
0.075642 0.075642 0.075642 1.0
0.075642 0.075642 0.075642 1.0
0.075642 0.075642 0.075642 1.0
0.075642 0.075642 0.075642 1.0
0.075642 0.075642 0.075642 1.0
0.075642 0.075642 0.075642 1.0
0.075642 0.075642 0.075642 1.0
0.075642 0.075642 0.075642 1.0
0.075642 0.075642 0.075642 1.0
0.075642 0.075642 0.075642 1.0
0.702411 0.672087 0.251505 1.0
0.702411 0.672087 0.251505 1.0
0.702411 0.672087 0.251505 1.0
0.702411 0.672087 0.251505 1.0
0.702411 0.672087 0.251505 1.0
0.702411 0.672087 0.251505 1.0
0.702411 0.672087 0.251505 1.0
0.702411 0.672087 0.251505 1.0
0.702411 0.672087 0.251505 1.0
0.702411 0.672087 0.251505 1.0
0.702411 0.672087 0.251505 1.0
0.702411 0.672087 0.251505 1.0
0.702411 0.672087 0.251505 1.0
0.702411 0.672087 0.251505 1.0
0.702411 0.672087 0.251505 1.0
0.702411 0.672087 0.251505 1.0
0.702411 0.672087 0.251505 1.0
0.702411 0.672087 0.251505 1.0
0.702411 0.672087 0.251505 1.0
0.702411 0.672087 0.251505 1.0
0.702411 0.672087 0.251505 1.0
0.702411 0.672087 0.251505 1.0
0.702411 0.672087 0.251505 1.0
0.702411 0.672087 0.251505 1.0
0.702411 0.672087 0.251505 1.0
0.702411 0.672087 0.251505 1.0
0.702411 0.672087 0.251505 1.0
0.702411 0.672087 0.251505 1.0
0.702411 0.672087 0.251505 1.0
0.702411 0.672087 0.251505 1.0
0.702411 0.672087 0.251505 1.0
0.702411 0.672087 0.251505 1.0
0.702411 0.672087 0.251505 1.0
0.702411 0.672087 0.251505 1.0
0.702411 0.672087 0.251505 1.0
0.702411 0.672087 0.251505 1.0
0.702411 0.672087 0.251505 1.0
0.702411 0.672087 0.251505 1.0
0.702411 0.672087 0.251505 1.0
0.702411 0.672087 0.251505 1.0

3 2 1
3 1 0
7 6 5
7 5 4
11 10 9
11 9 8
15 14 13
15 13 12
19 18 17
19 17 16
23 22 21
23 21 20
27 26 25
27 25 24
31 30 29
31 29 28
35 34 33
35 33 32
39 38 37
39 37 36
43 42 41
43 41 40
46 45 44
50 49 48
50 48 47
54 53 52
54 52 51
58 57 56
58 56 55
62 61 60
62 60 59
66 65 64
66 64 63
70 69 68
70 68 67
74 73 72
74 72 71
78 77 76
78 76 75
81 80 79
85 84 83
85 83 82
89 88 87
89 87 86
93 92 91
93 91 90
97 96 95
97 95 94
101 100 99
101 99 98
105 104 103
105 103 102
109 108 107
109 107 106
113 112 111
113 111 110
117 116 115
117 115 114
121 120 119
121 119 118
125 124 123
125 123 122
129 128 127
129 127 126
133 132 131
133 131 130
137 136 135
137 135 134
141 140 139
141 139 138
145 144 143
145 143 142
149 148 147
149 147 146
153 152 151
153 151 150
157 156 155
157 155 154
160 159 158
163 162 161
167 166 165
167 165 164
171 170 169
171 169 168
175 174 173
175 173 172
179 178 177
179 177 176
182 181 180
185 184 183
188 187 186
191 190 189
194 193 192
197 196 195
201 200 199
201 199 198
205 204 203
205 203 202
209 208 207
209 207 206
213 212 211
213 211 210
217 216 215
217 215 214
221 220 219
221 219 218
225 224 223
225 223 222
229 228 227
229 227 226
233 232 231
233 231 230
237 236 235
237 235 234
241 240 239
241 239 238
245 244 243
245 243 242
249 248 247
249 247 246
253 252 251
253 251 250
257 256 255
257 255 254
261 260 259
261 259 258
265 264 263
265 263 262
269 268 267
269 267 266
273 272 271
273 271 270
277 276 275
277 275 274
283 282 281
283 281 280
283 280 279
283 279 278
287 286 285
287 285 284
291 290 289
291 289 288
295 294 293
295 293 292
299 298 297
299 297 296
303 302 301
303 301 300
307 306 305
307 305 304
311 310 309
311 309 308
315 314 313
315 313 312
319 318 317
319 317 316
323 322 321
323 321 320
327 326 325
327 325 324
331 330 329
331 329 328
335 334 333
335 333 332
339 338 337
339 337 336
343 342 341
343 341 340
347 346 345
347 345 344
351 350 349
351 349 348
355 354 353
355 353 352
359 358 357
359 357 356
363 362 361
363 361 360
367 366 365
367 365 364
371 370 369
371 369 368
375 374 373
375 373 372
379 378 377
379 377 376
383 382 381
383 381 380
387 386 385
387 385 384
391 390 389
391 389 388
395 394 393
395 393 392
399 398 397
399 397 396
403 402 401
403 401 400
407 406 405
407 405 404
413 412 411
413 411 410
413 410 409
413 409 408
417 416 415
417 415 414
421 420 419
421 419 418
425 424 423
425 423 422
429 428 427
429 427 426
433 432 431
433 431 430
437 436 435
437 435 434
441 440 439
441 439 438
445 444 443
445 443 442
449 448 447
449 447 446
453 452 451
453 451 450
457 456 455
457 455 454
461 460 459
461 459 458
465 464 463
465 463 462
469 468 467
469 467 466
473 472 471
473 471 470
477 476 475
477 475 474
481 480 479
481 479 478
485 484 483
485 483 482
489 488 487
489 487 486
493 492 491
493 491 490
497 496 495
497 495 494
501 500 499
501 499 498
505 504 503
505 503 502
509 508 507
509 507 506
513 512 511
513 511 510
517 516 515
517 515 514
521 520 519
521 519 518
525 524 523
525 523 522
529 528 527
529 527 526
533 532 531
533 531 530
537 536 535
537 535 534
541 540 539
541 539 538
545 544 543
545 543 542
549 548 547
549 547 546
553 552 551
553 551 550
557 556 555
557 555 554
561 560 559
561 559 558
565 564 563
565 563 562
569 568 567
569 567 566
573 572 571
573 571 570
577 576 575
577 575 574
581 580 579
581 579 578
585 584 583
585 583 582
589 588 587
589 587 586
593 592 591
593 591 590
597 596 595
597 595 594
601 600 599
601 599 598
605 604 603
605 603 602
609 608 607
609 607 606
613 612 611
613 611 610
617 616 615
617 615 614
621 620 619
621 619 618
625 624 623
625 623 622
629 628 627
629 627 626
633 632 631
633 631 630
637 636 635
637 635 634
641 640 639
641 639 638
645 644 643
645 643 642
649 648 647
649 647 646
653 652 651
653 651 650
657 656 655
657 655 654
661 660 659
661 659 658
665 664 663
665 663 662
669 668 667
669 667 666
673 672 671
673 671 670
677 676 675
677 675 674
681 680 679
681 679 678
685 684 683
685 683 682
689 688 687
689 687 686
693 692 691
693 691 690
697 696 695
697 695 694
701 700 699
701 699 698
705 704 703
705 703 702
709 708 707
709 707 706
713 712 711
713 711 710
717 716 715
717 715 714
721 720 719
721 719 718
725 724 723
725 723 722
729 728 727
729 727 726
733 732 731
733 731 730
737 736 735
737 735 734
741 740 739
741 739 738
745 744 743
745 743 742
749 748 747
749 747 746
753 752 751
753 751 750
757 756 755
757 755 754
761 760 759
761 759 758
765 764 763
765 763 762
769 768 767
769 767 766
773 772 771
773 771 770
777 776 775
777 775 774
781 780 779
781 779 778
785 784 783
785 783 782
789 788 787
789 787 786
793 792 791
793 791 790
797 796 795
797 795 794
801 800 799
801 799 798
805 804 803
805 803 802
809 808 807
809 807 806
813 812 811
813 811 810
817 816 815
817 815 814
821 820 819
821 819 818
825 824 823
825 823 822
829 828 827
829 827 826
833 832 831
833 831 830
837 836 835
837 835 834
841 840 839
841 839 838
845 844 843
845 843 842
849 848 847
849 847 846
853 852 851
853 851 850
857 856 855
857 855 854
861 860 859
861 859 858
865 864 863
865 863 862
869 868 867
869 867 866
873 872 871
873 871 870
877 876 875
877 875 874
881 880 879
881 879 878
885 884 883
885 883 882
889 888 887
889 887 886
893 892 891
893 891 890
897 896 895
897 895 894
901 900 899
901 899 898
905 904 903
905 903 902
909 908 907
909 907 906
913 912 911
913 911 910
917 916 915
917 915 914
921 920 919
921 919 918
925 924 923
925 923 922
931 930 929
931 929 928
931 928 927
931 927 926
935 934 933
935 933 932
939 938 937
939 937 936
945 944 943
945 943 942
945 942 941
945 941 940
949 948 947
949 947 946
953 952 951
953 951 950
957 956 955
957 955 954
961 960 959
961 959 958
965 964 963
965 963 962
969 968 967
969 967 966
973 972 971
973 971 970
977 976 975
977 975 974
981 980 979
981 979 978
985 984 983
985 983 982
989 988 987
989 987 986
993 992 991
993 991 990
997 996 995
997 995 994
1001 1000 999
1001 999 998
1005 1004 1003
1005 1003 1002
1009 1008 1007
1009 1007 1006
1013 1012 1011
1013 1011 1010
1017 1016 1015
1017 1015 1014
1021 1020 1019
1021 1019 1018
1025 1024 1023
1025 1023 1022
1029 1028 1027
1029 1027 1026
1033 1032 1031
1033 1031 1030
1037 1036 1035
1037 1035 1034
1041 1040 1039
1041 1039 1038
1045 1044 1043
1045 1043 1042
1049 1048 1047
1049 1047 1046
1053 1052 1051
1053 1051 1050
1057 1056 1055
1057 1055 1054
1061 1060 1059
1061 1059 1058
1065 1064 1063
1065 1063 1062
1069 1068 1067
1069 1067 1066
1073 1072 1071
1073 1071 1070
1077 1076 1075
1077 1075 1074
1081 1080 1079
1081 1079 1078
1085 1084 1083
1085 1083 1082
1089 1088 1087
1089 1087 1086
1093 1092 1091
1093 1091 1090
1097 1096 1095
1097 1095 1094
1101 1100 1099
1101 1099 1098
1105 1104 1103
1105 1103 1102
1109 1108 1107
1109 1107 1106
1113 1112 1111
1113 1111 1110
1117 1116 1115
1117 1115 1114
1121 1120 1119
1121 1119 1118
1125 1124 1123
1125 1123 1122
1129 1128 1127
1129 1127 1126
1133 1132 1131
1133 1131 1130
1137 1136 1135
1137 1135 1134
1141 1140 1139
1141 1139 1138
1145 1144 1143
1145 1143 1142
1149 1148 1147
1149 1147 1146
1153 1152 1151
1153 1151 1150
1157 1156 1155
1157 1155 1154
1161 1160 1159
1161 1159 1158
1165 1164 1163
1165 1163 1162
1169 1168 1167
1169 1167 1166
1173 1172 1171
1173 1171 1170
1177 1176 1175
1177 1175 1174
1181 1180 1179
1181 1179 1178
1185 1184 1183
1185 1183 1182
1189 1188 1187
1189 1187 1186
1193 1192 1191
1193 1191 1190
1197 1196 1195
1197 1195 1194
1201 1200 1199
1201 1199 1198
1205 1204 1203
1205 1203 1202
1209 1208 1207
1209 1207 1206
1213 1212 1211
1213 1211 1210
1217 1216 1215
1217 1215 1214
1221 1220 1219
1221 1219 1218
1225 1224 1223
1225 1223 1222
1229 1228 1227
1229 1227 1226
1233 1232 1231
1233 1231 1230
1237 1236 1235
1237 1235 1234
1241 1240 1239
1241 1239 1238
